NOAA 15                 
1 25338U 98030A   23095.55073550  .00000279  00000+0  13432-3 0  9993
2 25338  98.6142 125.8241 0010878 160.2184 199.9420 14.26284074294650
DMSP 5D-3 F15 (USA 147) 
1 25991U 99067A   23095.61277733  .00000302  00000+0  17400-3 0  9991
2 25991  99.0714  97.4839 0011169  81.8550  26.8413 14.16700834205132
DMSP 5D-3 F16 (USA 172) 
1 28054U 03048A   23095.62351896  .00000227  00000+0  14388-3 0  9990
2 28054  99.0114  93.2812 0006737 204.5872 265.8528 14.13787093  4329
NOAA 18                 
1 28654U 05018A   23095.55242479  .00000312  00000+0  19149-3 0  9998
2 28654  98.9132 170.2863 0013704 221.9023 138.1101 14.12904967921224
METEOSAT-9 (MSG-2)      
1 28912U 05049B   23095.53745244  .00000137  00000+0  00000+0 0  9992
2 28912   6.6815  64.2812 0002328 191.7553 176.7028  1.00270115 63332
EWS-G1 (GOES 13)        
1 29155U 06018A   23095.57688361  .00000041  00000+0  00000+0 0  9993
2 29155   1.3448  92.0312 0001972 177.3517 193.5511  1.00277828 31667
DMSP 5D-3 F17 (USA 191) 
1 29522U 06050A   23095.57383540  .00000279  00000+0  16883-3 0  9991
2 29522  98.7581 110.0136 0010662 144.5181 215.6704 14.14224740847194
FENGYUN 3A              
1 32958U 08026A   23095.50651951  .00000242  00000+0  13661-3 0  9991
2 32958  98.5477  51.8627 0007534 258.2888 101.7443 14.18842933769632
FENGYUN 2E              
1 33463U 08066A   23094.81646330 -.00000190  00000+0  00000+0 0  9997
2 33463   6.5549  63.4889 0002458 322.4758 187.0171  1.00264581 52366
NOAA 19                 
1 33591U 09005A   23095.58788110  .00000264  00000+0  16721-3 0  9993
2 33591  99.1090 140.3266 0014869  88.1979 272.0894 14.12725655729438
GOES 14                 
1 35491U 09033A   23095.50685760 -.00000063  00000+0  00000+0 0  9991
2 35491   0.1651 115.5707 0005632 289.5896 222.7692  1.00270057 50395
METEOR-M 1              
1 35865U 09049A   23095.53652189  .00000290  00000+0  14926-3 0  9992
2 35865  98.5731  62.2361 0003480  93.8989 266.2587 14.22465786703060
DMSP 5D-3 F18 (USA 210) 
1 35951U 09057A   23095.23594376  .00000443  00000+0  25753-3 0  9997
2 35951  98.7620  73.0114 0010801 342.5670  17.5131 14.13716396694334
GOES 15                 
1 36411U 10008A   23094.92929296  .00000066  00000+0  00000+0 0  9990
2 36411   0.1792  95.3784 0003095  97.4619 206.3259  1.00210511 47936
COMS 1                  
1 36744U 10032A   23095.48222914 -.00000338  00000+0  00000+0 0  9994
2 36744   1.8009  89.8682 0000994 295.2337 110.1758  1.00272190 39375
FENGYUN 3B              
1 37214U 10059A   23095.60608593  .00000180  00000+0  11816-3 0  9996
2 37214  99.0891 111.7316 0021214 250.2055 109.6828 14.14321126642252
SUOMI NPP               
1 37849U 11061A   23095.58019928  .00000171  00000+0  10188-3 0  9990
2 37849  98.7637  35.5019 0001350  99.7809   5.3691 14.19535161592643
FENGYUN 2F              
1 38049U 12002A   23095.60443844 -.00000349  00000+0  00000+0 0  9996
2 38049   4.5079  77.2887 0001628  44.1362  41.8893  1.00284557 41164
METEOSAT-10 (MSG-3)     
1 38552U 12035B   23095.35743778 -.00000003  00000+0  00000+0 0  9999
2 38552   2.0286  53.7099 0000628 281.0035 347.0372  1.00271120 39137
METOP-B                 
1 38771U 12049A   23095.60898424  .00000217  00000+0  11912-3 0  9998
2 38771  98.6862 156.1713 0000924 119.9805   0.3185 14.21483264547243
FENGYUN 3C              
1 39260U 13052A   23095.60456602  .00000231  00000+0  13754-3 0  9997
2 39260  98.4340 113.5821 0011634 147.3582 212.8312 14.16016807493263
METEOR-M 2              
1 40069U 14037A   23095.59298320  .00000126  00000+0  77515-4 0  9998
2 40069  98.4260 104.9323 0005443 181.1851 178.9312 14.20762675453343
HIMAWARI-8              
1 40267U 14060A   23095.54563148 -.00000271  00000+0  00000+0 0  9994
2 40267   0.0251 213.0938 0001334 184.8277 132.7420  1.00266443 31046
FENGYUN 2G              
1 40367U 14090A   23095.62908110 -.00000294  00000+0  00000+0 0  9994
2 40367   2.6699  86.3935 0000243 129.2589 304.1169  1.00265831 30286
METEOSAT-11 (MSG-4)     
1 40732U 15034A   23084.92549459 -.00000009  00000+0  00000+0 0  9991
2 40732   0.4922  23.1486 0000496  29.5435 104.0310  1.00274744 28194
ELEKTRO-L 2             
1 41105U 15074A   23095.38207605 -.00000107  00000+0  00000+0 0  9995
2 41105   3.7235  84.6706 0000757 195.2409  36.5869  1.00273058 26790
HIMAWARI-9              
1 41836U 16064A   23095.67094696 -.00000269  00000+0  00000+0 0  9991
2 41836   0.0172 114.3125 0000873 300.7816 160.9215  1.00272509 23582
GOES 16                 
1 41866U 16071A   23095.51339497 -.00000243  00000+0  00000+0 0  9998
2 41866   0.0657 287.3208 0000528  91.9566 283.8888  1.00273038 23381
FENGYUN 4A              
1 41882U 16077A   23095.63412380 -.00000326  00000+0  00000+0 0  9990
2 41882   0.2091 285.7271 0004740 215.1276  25.6049  1.00280631 23268
CYGFM05                 
1 41884U 16078A   23094.32196742  .00008665  00000+0  40182-3 0  9991
2 41884  34.9553 187.3598 0014298 179.5852 180.4874 15.19236818348997
CYGFM04                 
1 41885U 16078B   23095.51554193  .00008068  00000+0  36770-3 0  9997
2 41885  34.9486 167.4189 0013094 209.3120 150.6859 15.19855816349393
CYGFM02                 
1 41886U 16078C   23095.49879153  .00007813  00000+0  35564-3 0  9998
2 41886  34.9572 169.8255 0013777 203.0509 156.9587 15.19897698349313
CYGFM01                 
1 41887U 16078D   23095.34826688  .00008151  00000+0  38022-3 0  9996
2 41887  34.9518 183.8213 0014756 187.6741 172.3748 15.19035978349098
CYGFM08                 
1 41888U 16078E   23094.64668293  .00008008  00000+0  36795-3 0  9991
2 41888  34.9486 179.4177 0014020 195.0628 164.9669 15.19565849349133
CYGFM07                 
1 41890U 16078G   23095.53454350  .00007689  00000+0  34917-3 0  9998
2 41890  34.9507 167.0470 0012737 207.5077 152.4962 15.19995293349249
CYGFM03                 
1 41891U 16078H   23095.40675943  .00007717  00000+0  35215-3 0  9992
2 41891  34.9537 168.4636 0012202 204.3630 155.6507 15.19835363349217
FENGYUN 3D              
1 43010U 17072A   23095.58762240  .00000254  00000+0  14250-3 0  9993
2 43010  98.8529  44.2461 0002017 127.5027 232.6318 14.19176329279204
NOAA 20                 
1 43013U 17073A   23095.59367147  .00000158  00000+0  95780-4 0  9996
2 43013  98.7474  34.9926 0000882  62.9543 297.1723 14.19533558278677
GOES 17                 
1 43226U 18022A   23095.42710503 -.00000085  00000+0  00000+0 0  9993
2 43226   0.0066  99.5280 0001898 310.5861 192.3597  1.00270747 18704
FENGYUN 2H              
1 43491U 18050A   23095.61837838 -.00000120  00000+0  00000+0 0  9990
2 43491   1.8898  92.1092 0002177  66.0987 337.0355  1.00275687 17722
METOP-C                 
1 43689U 18087A   23095.55185697  .00000227  00000+0  12392-3 0  9999
2 43689  98.6908 156.2148 0001689 270.1991  89.8993 14.21482638228807
GEO-KOMPSAT-2A          
1 43823U 18100A   23094.98037154 -.00000341  00000+0  00000+0 0  9992
2 43823   0.0585  46.4006 0001855  11.2587 256.5472  1.00269552 15909
METEOR-M2 2             
1 44387U 19038A   23095.22572249  .00000141  00000+0  80978-4 0  9990
2 44387  98.7665  59.3068 0001963 119.3243 240.8132 14.23769083194920
FENGYUN 3E              
1 49008U 21062A   23095.20814995 -.00011466  00000+0 -54179-2 0  9996
2 49008  98.7220  97.7004 0000646 179.5811 180.5440 14.19630092 90710
GOES 18                 
1 51850U 22021A   23095.56975150  .00000102  00000+0  00000+0 0  9994
2 51850   0.0402  48.6047 0000449 288.7361 284.3698  1.00272815  4086
NOAA 21 (JPSS-2)        
1 54234U 22150A   23095.61035912  .00000174  00000+0  10307-3 0  9999
2 54234  98.7113  34.7187 0001012  82.2589 277.8702 14.19574550 20755
METEOSAT-12             
1 54743U 22170C   23094.59557729 -.00000030  00000+0  00000+0 0  9994
2 54743   0.7499 304.0351 0002991  99.1789   0.4318  1.00268107  1253
