######################################################################
## Molczan data                                 updated: 2005-08-10 ##
## ---------------------------------------------------------------- ##
## Format:                                                          ##
##   1     7    12   17   22   27                                   ##
##   NNNNN llll wwww dddd mmmm S rrrr                               ##
##                                                                  ##
## NNNNN - NORAD number of satellite                                ##
##  llll - length (m)                                               ##
##  wwww - width (m)                                                ##
##  dddd - depth (m) *                                              ##
##  mmmm - standard magnitude (range: 1000km, illumination: 50%)    ##
##     S - standard magnitude source flag:                          ##
##           v - mean value derived from from obs.                  ##
##           d - derived from its dimensions                        ##
##  rrrr - RCS value                                                ##
##                                                                  ##
## * When width and depth are zero then the object is a sphere,     ##
##   R=llll. When depth is zero then the object is a cylinder,      ##
##   R=wwww.                                                        ##
######################################################################
00005  0.2  0.0  0.0 10.3 v 0.12
00011  0.5  0.0  0.0  9.8 d 0.43
00012  1.2  0.5  0.0  9.1 d 0.69
00016  1.2  0.5  0.0  9.1 d 0.36
00020  2.5  0.5  0.0  8.4 d 0.77
00022  0.8  0.8  0.0  8.8 d 0.67
00029  0.5  1.1  0.0  8.5 d  1.1
00045  0.9  0.0  0.0  8.5 d 0.64
00047  4.8  1.4  0.0  6.5 d  4.8
00059  4.8  1.4  0.0  6.5 d  5.8
00060  0.8  0.0  0.0  8.9 d 0.55
00163  9.0  1.5  0.0  5.9 d   14
00192  9.0  1.5  0.0  5.9 d   13
00202  0.8  1.1  0.0  8.2 d  2.9
00204  4.8  1.4  0.0  6.5 d  4.6
00271  9.0  1.5  0.0  5.9 d   16
00340  0.9  0.0  0.0  7.4 v 0.51
00424  0.9  1.1  0.0  8.2 d  1.7
00426  6.0  1.5  0.0  6.3 d  8.8
00447  4.8  1.4  0.0  6.0 v  4.8
00574  9.0  1.5  0.0  5.9 d   17
00579  0.3  0.0  0.0 10.9 d 0.30
00622  9.0  1.5  0.0  5.9 d  9.2
00669  4.8  1.4  0.0  6.5 d  4.1
00671  2.5  0.0  0.0  6.4 d  3.7
00694  8.6  3.0  0.0  3.5 v   13
00703  4.8  1.4  0.0  6.5 d  5.4
00727  6.0  1.5  0.0  6.3 d   12
00733  8.0  1.5  0.0  5.5 d  7.8
00741  6.0  1.5  0.0  6.3 d  8.1
00746  1.2  0.8  0.0  8.4 d  4.2
00801  1.5  0.5  0.0  8.5 d  2.0
00809  0.3  0.5  0.0  9.5 d 0.36
00815  8.0  1.5  0.0  6.0 d  8.5
00829  1.2  0.8  0.0  8.4 d  3.5
00876  3.0  1.5  0.0  6.2 d  5.6
00877  3.8  2.6  0.0  5.1 v  7.3
00893  4.8  1.4  0.0  6.5 d  4.5
00953  4.8  1.4  0.0  6.5 d  4.4
01000  2.6  0.0  0.0  6.3 d  4.0
01001  6.0  3.0  0.0  5.3 d   12
01245  6.0  1.5  0.0  6.3 d  8.7
01314 11.6  1.5  0.0  6.3 v  8.9
01316  1.3  0.0  0.0  7.8 d  1.4
01359  6.0  3.0  0.0  5.3 d   20
01389  1.1  0.0  0.0  8.1 d  1.4
01428  4.8  1.4  0.0  6.5 d  5.4
01510  0.3  0.0  0.0 11.0 d  2.8
01575  6.0  2.4  0.0  5.5 v  8.5
01589  6.0  2.4  0.0  5.5 v   10
01613  1.4  0.7  0.0  6.2 v 0.56
01616  2.0  0.7  0.0  8.1 d  1.5
01642  2.0  0.0  0.0  6.5 d  3.8
01646  1.7  0.0  0.0  7.2 d  2.5
01668  2.0  0.0  0.0  6.5 d  3.9
01680  2.0  0.0  0.0  6.7 d  3.0
01684  1.8  0.0  0.0  7.1 d  2.0
01716  2.0  0.0  0.0  6.8 d  2.6
01804  0.9  1.1  0.0  8.2 d  1.4
01807  6.0  1.5  0.0  6.3 d  5.9
01982  0.6  1.1  0.0  8.4 d 0.83
02121  1.4  0.7  0.0  6.2 v 0.61
02122  1.4  0.7  0.0  6.2 v  1.5
02123  2.0  0.7  0.0  8.1 d  1.4
02124  2.0  0.7  0.0  8.1 d  1.2
02142  3.0  2.2  0.0  6.3 d   10
02144  6.0  1.5  0.0  6.3 d  9.1
02173  3.0  1.5  0.0  6.9 d  3.5
02174  6.0  1.5  0.0  6.3 d  7.4
02253  2.8  0.0  0.0  6.1 d  2.6
02255  6.0  1.5  0.0  6.3 d  8.0
02328  2.0  0.7  0.0  8.1 d  1.5
02403  8.0  1.5  0.0  6.0 d   15
02422  1.3  0.9  0.0  8.1 d  2.7
02481  8.0  1.5  0.0  6.0 d   34
02741  1.3  0.9  0.0  8.1 d  2.6
02801  1.4  2.0  0.0  6.3 v  3.4
02802  6.0  2.4  0.0  5.5 v  6.9
02825  6.0  1.5  0.0  6.3 d  7.6
02826  0.5  0.0  0.0  9.8 d 0.41
03047  1.4  2.0  0.0  6.3 v  4.2
03048  6.0  2.4  0.0  5.5 v  8.0
03081  2.0  2.0  0.0  5.9 d  3.4
03129  1.6  0.0  0.0  7.3 d  4.4
03131  6.0  2.4  0.0  5.5 v  9.5
03158  2.0  2.0  0.0  5.9 d  3.7
03229  1.4  2.0  0.0  6.3 v  5.0
03230  6.0  2.4  0.0  5.5 v  7.6
03271  1.3  0.9  0.0  8.1 d  2.7
03307  5.8  0.0  0.0  7.4 v   23
03504  3.0  0.0  0.0  6.0 d  6.7
03530  2.5  0.0  0.0  6.4 d  6.9
03577  6.0  2.4  0.0  5.5 v  6.4
03597  3.0  2.2  0.0  6.3 d   12
03598  8.6  3.0  0.0  5.0 d   22
03615  0.5  1.1  0.0  8.4 d  1.0
03616  4.9  1.4  0.0  6.5 d  6.5
03669  1.1  1.3  0.0  7.8 d  2.3
03819  6.0  2.4  0.0  5.5 v  7.8
03835  5.0  1.5  0.0  5.8 v  6.2
03890  3.0  1.5  0.0  6.9 d  4.3
03892  6.0  1.5  0.0  6.3 d  6.8
04070  2.0  1.0  0.0  6.3 v  3.1
04071  6.0  2.4  0.0  5.5 v  7.7
04138  2.0  1.0  0.0  6.3 v  2.8
04139  6.0  2.4  0.0  5.5 v  9.1
04159  6.0  1.5  0.0  6.3 d  7.0
04216  3.0  1.5  0.0  6.5 d  4.2
04254  1.6  0.0  0.0  7.3 d  4.0
04255  6.0  2.4  0.0  5.5 v  6.6
04322  4.9  1.4  0.0  6.5 d  6.7
04327  7.6  1.5  0.0  6.0 d  7.7
04362  3.0  1.5  0.0  6.9 d  4.2
04369  2.0  1.0  0.0  6.3 v  4.6
04370  6.0  2.4  0.0  5.5 v  6.4
04391  6.0  2.4  0.0  5.5 v  9.0
04394  2.8  2.6  0.0  5.1 v   12
04419  5.0  1.5  0.0  5.8 v  7.2
04420  2.8  2.6  0.0  5.1 v   10
04564  2.0  2.0  0.0  5.9 d  3.9
04578  2.0  1.0  0.0  6.3 v  3.9
04579  6.0  2.4  0.0  5.5 v  7.4
04588  2.0  1.0  0.0  6.3 v  4.7
04589  6.0  2.4  0.0  5.5 v  7.3
04597  8.0  2.5  0.0  5.3 d  7.7
04598  4.0  2.0  0.0  6.2 d  8.2
04603  3.1  0.0  0.0  5.9 d  6.2
04614  3.0  0.0  0.0  6.0 d 0.87
04675  2.5  0.0  0.0  6.4 d  5.1
04719  2.0  0.0  0.0  6.8 d 0.88
04783  1.4  2.0  0.0  6.9 d  5.5
04784  6.0  2.4  0.0  5.5 v  8.2
04786  7.6  0.0  0.0  3.9 d   23
04793  1.3  1.0  0.0  8.0 d  5.6
04794  4.9  1.4  0.0  6.5 d  6.1
04799  1.4  2.0  0.0  6.9 d  4.3
04800  6.0  2.4  0.0  5.5 v  7.2
04814  2.8  2.6  0.0  5.1 v   10
04922  4.0  2.0  0.0  6.2 d  1.6
04964  4.0  2.0  0.0  6.2 d  8.6
05051  6.0  2.4  0.0  5.5 v  7.6
05105  2.0  2.0  0.0  5.9 d  4.4
05117  5.0  1.5  0.0  5.4 v  7.8
05118  2.8  2.6  0.0  5.1 v   10
05174  2.0  1.0  0.0  6.3 v  3.7
05175  6.0  2.4  0.0  5.5 v  6.8
05181  6.0  2.4  0.0  5.5 v  7.9
05218  6.0  2.4  0.0  5.5 v   10
05239  6.0  2.4  0.0  5.5 v  6.4
05398  1.1  0.0  0.0  6.5 v 0.81
05555  6.0  2.4  0.0  5.5 v   11
05557  1.6  1.2  0.0  7.0 d  1.7
05560  9.6  1.5  0.0  5.8 d   15
05580  0.7  1.1  0.0  8.2 d  1.0
05581  1.4  0.7  0.0  8.5 d  1.0
05614  1.6  0.0  0.0  7.3 d  4.4
05615  6.0  2.4  0.0  5.5 v  7.1
05678  0.3  0.9  0.9  8.0 d    1
05679  6.0  1.5  0.0  6.0 d    8
05680  0.3  0.9  0.9  8.0 d    1
05681  0.3  0.9  0.9  8.0 d    1
05682  0.3  0.9  0.9  8.0 d    1
05683  1.4  2.0  0.0  6.9 d  5.1
05685  6.0  2.4  0.0  5.5 v  8.6
05705  2.0  1.0  0.0  6.3 v  5.7
05707  6.0  2.4  0.0  5.5 v  7.7
05721  2.0  2.0  0.0  5.9 d  4.4
05729  1.8  1.5  0.0  7.2 d  3.0
05730  6.0  2.4  0.0  5.5 v  9.0
05731  5.0  1.5  0.0  5.8 v   10
05732  2.8  2.6  0.0  5.1 v  5.9
05846  1.4  2.0  0.0  6.9 d  3.0
05847  6.0  2.4  0.0  5.5 v  7.1
05907  6.0  2.4  0.0  5.5 v  8.3
05917  5.0  1.5  0.0  5.8 v  6.6
05918  2.8  2.6  0.0  5.1 v  8.6
06019  1.4  2.0  0.0  6.9 d  2.5
06020  6.0  2.4  0.0  5.5 v  6.7
06059  2.0  1.0  0.0  6.3 v  3.3
06061  6.0  2.4  0.0  5.5 v  8.3
06073  3.0  0.0  0.0  6.0 d  1.0
06079  5.0  1.5  0.0  5.8 v  6.6
06080  2.8  2.6  0.0  5.1 v   10
06125  6.0  2.4  0.0  5.5 v  8.3
06126  3.0  1.5  0.0  6.9 d  3.7
06149  6.0  2.4  0.0  5.5 v  6.7
06153  3.0  2.2  0.0  6.3 d   15
06154  2.0  2.0  0.0  5.9 d  4.2
06155  8.6  3.0  0.0  5.0 d   21
06207  6.0  2.4  0.0  5.5 v  7.7
06212 12.2  3.0  0.0  4.7 d  2.0
06217  1.7  0.0  0.0  7.2 d  2.5
06218  1.3  0.9  0.0  8.1 d  4.6
06235  1.3  1.0  0.0  8.0 d  6.2
06237  4.9  1.4  0.0  6.5 d  6.2
06256  5.0  1.5  0.0  5.8 v  6.5
06257  2.8  2.6  0.0  5.1 v  8.9
06271  6.0  2.4  0.0  5.5 v   10
06275  1.6  1.2  0.0  7.0 d  2.1
06305  3.0  1.5  0.0  6.9 d  4.6
06306  6.4  2.0  0.0  5.8 d  6.7
06320  6.0  2.4  0.0  5.5 v  7.7
06323  2.0  1.0  0.0  6.3 v  3.6
06324  6.0  2.4  0.0  5.5 v  7.4
06350  2.0  0.0  0.0  6.8 d  2.3
06392  5.0  1.5  0.0  5.8 v  6.0
06393  2.8  2.6  0.0  5.1 v  8.7
06659  5.0  1.5  0.0  5.8 v  7.1
06660  2.8  2.6  0.0  5.1 v  9.2
06683  6.0  2.4  0.0  5.5 v   10
06708  6.0  2.4  0.0  5.5 v  6.9
06779  8.6  3.0  0.0  5.0 d   22
06826  6.0  2.4  0.0  5.5 v  7.2
06829  6.0  2.4  0.0  5.5 v  7.2
06853  6.0  2.4  0.0  5.5 v   11
06965  2.0  1.0  0.0  6.3 v  3.0
06966  6.0  2.4  0.0  5.5 v  8.2
06993  6.0  2.4  0.0  5.5 v   11
07003  1.8  1.5  0.0  7.2 d  2.9
07004  6.0  2.4  0.0  5.5 v   10
07005  2.0  2.0  0.0  5.9 d  4.4
07009  6.0  2.4  0.0  5.5 v  6.4
07017  2.7  0.0  0.0  6.2 d  5.3
07025  2.0  0.0  0.0  6.8 d 0.51
07032  2.3  0.0  0.0  6.5 d  4.1
07095  6.0  2.4  0.0  5.5 v  7.6
07209  5.0  1.5  0.0  5.8 v  6.3
07210  2.8  2.6  0.0  5.1 v   10
07273  6.0  2.4  0.0  5.5 v   10
07274  5.0  1.5  0.0  5.8 v  7.1
07275  2.8  2.6  0.0  5.1 v   11
07284  6.0  2.4  0.0  5.5 v  7.8
07291  2.0  2.0  0.0  5.9 d  4.4
07297  2.0  2.0  0.0  5.9 d  4.9
07337  2.0  0.0  0.0  6.8 d  3.1
07338  6.0  2.4  0.0  5.5 v   10
07350  6.0  2.4  0.0  5.5 v  9.4
07363  5.0  1.5  0.0  5.8 v  7.1
07364  2.8  2.6  0.0  5.1 v   11
07411  1.6  1.2  0.0  7.0 d  2.0
07426  6.0  2.4  0.0  5.5 v  9.0
07433  2.0  1.0  0.0  6.3 v  3.2
07434  6.0  2.4  0.0  5.5 v  7.4
07443  6.0  2.4  0.0  5.5 v  7.8
07477  6.0  2.4  0.0  5.5 v  8.0
07490  5.0  1.5  0.0  5.8 v  6.5
07493  2.8  2.6  0.0  5.1 v   10
07529  3.0  1.5  0.0  6.9 d  6.3
07574  5.0  1.5  0.0  5.8 v  6.2
07575  2.8  2.6  0.0  5.1 v   10
07594  6.0  2.4  0.0  5.5 v   10
07615  3.0  1.5  0.0  6.9 d  4.8
07647  1.6  0.6  0.0  8.5 d  1.1
07665  6.0  2.4  0.0  5.5 v  8.7
07686  6.0  2.4  0.0  5.5 v   11
07714  5.0  1.5  0.0  5.8 v  5.9
07715  2.8  2.6  0.0  5.1 v   10
07718  2.0  2.0  0.0  5.9 d  3.5
07727  2.0  2.0  0.0  5.9 d  3.3
07734  1.1  1.2  0.0  7.8 d  1.6
07735  6.4  2.0  0.0  5.8 d  7.0
07737  6.0  2.4  0.0  5.5 v  8.4
07769  6.0  2.4  0.0  5.5 v  8.1
07816  1.6  1.2  0.0  7.0 d    2
07831  6.0  2.4  0.0  5.5 v  9.0
07857  3.5  0.0  0.0  5.6 d  8.3
07924  3.0  1.5  0.0  6.9 d  5.5
07946  6.0  1.4  0.0  5.8 d  8.6
08026  5.0  1.5  0.0  5.3 v   10
08027  2.8  2.6  0.0  5.1 v  8.6
08063  6.0  1.4  0.0  5.8 d   11
08073  6.0  2.4  0.0  5.5 v  7.9
08132  1.5  1.5  0.0  7.0 d 0.94
08133  6.4  2.0  0.0  5.8 d   13
08293  5.0  1.5  0.0  5.8 v  6.8
08294  2.8  2.6  0.0  5.1 v   11
08295  6.0  2.4  0.0  5.5 v   11
08311  4.0  1.0  0.0  6.5 d  2.9
08326  6.0  2.4  0.0  5.5 d  6.2
08343  2.0  1.0  0.0  6.3 v  4.2
08344  6.0  2.4  0.0  5.5 v  7.8
08421  6.0  2.4  0.0  5.5 v  9.0
08458  2.0  1.0  0.0  6.3 v  3.4
08459  6.0  2.4  0.0  5.5 v  7.1
08473  2.0  2.0  0.0  5.9 d  3.8
08519  5.0  1.5  0.0  5.8 v  5.7
08520  2.8  2.6  0.0  5.1 v  9.4
08597  6.0  2.4  0.0  5.5 v  9.0
08615  6.0  2.4  0.0  5.5 v  8.9
08646  6.0  2.4  0.0  5.5 v  6.5
08688  4.0  2.0  0.0  6.2 d  1.6
08709  0.8  0.9  0.0  8.4 d  1.7
08744  2.0  0.0  0.0  6.8 d  3.2
08745  6.0  2.4  0.0  5.5 v   12
08746  3.0  0.0  0.0  6.0 d    6
08799  5.0  1.5  0.0  5.8 v  6.0
08800  2.8  2.6  0.0  5.1 v   10
08818  0.3  0.9  0.9  8.0 d    2
08835  0.3  0.9  0.9  8.0 d    1
08836  0.3  0.9  0.9  8.0 d    1
08845  5.0  1.5  0.0  5.8 v  5.0
08846  2.8  2.6  0.0  5.1 v  9.2
08874  6.0  2.4  0.0  5.5 v  7.6
08884  0.3  0.9  0.9  8.0 d  1.5
08897  6.0  2.4  0.0  5.5 v   10
08923  2.0  1.0  0.0  6.3 v  2.9
08924  6.0  2.4  0.0  5.5 v  7.6
09013  6.0  2.4  0.0  5.5 v  9.4
09022  2.0  1.0  0.0  6.3 v  3.4
09023  6.0  2.4  0.0  5.5 v  6.3
09040  3.4  0.0  0.0  5.7 d  8.0
09044  6.0  2.4  0.0  5.5 v  6.3
09057  1.3  1.0  0.0  8.0 d  5.0
09062  6.0  2.4  0.0  5.5 v  7.2
09063  3.0  0.0  0.0  6.0 d  9.0
09415  6.4  1.7  0.0  6.5 v    7
09443  2.0  1.0  0.0  6.3 v  3.0
09444  6.0  2.4  0.0  5.5 v  6.7
09468  1.0  0.0  0.0  8.3 d 0.22
09481  5.0  1.5  0.0  5.8 v  6.9
09482  2.8  2.6  0.0  5.1 v   11
09486  2.0  2.0  0.0  5.9 d  3.8
09494  2.0  2.0  0.0  5.9 d  3.6
09510  6.0  2.4  0.0  5.5 v  7.9
09598  6.0  2.4  0.0  5.5 v   12
09613  6.0  2.4  0.0  5.5 v  8.2
09634  3.0  0.0  0.0  6.0 d  7.0
09638  6.0  2.4  0.0  5.5 v  6.8
09661  5.0  1.5  0.0  5.3 v  8.3
09662  2.8  2.6  0.0  5.1 v  7.2
09738  6.0  2.4  0.0  5.5 v  7.2
09786  5.9  2.4  0.0  5.5 d   13
09848  6.0  2.4  0.0  5.5 v  8.2
09903  5.0  1.5  0.0  5.8 v  6.0
09904  2.8  2.6  0.0  5.1 v   10
10011  6.0  2.4  0.0  5.5 v  7.4
10020  6.0  2.4  0.0  5.5 v  7.7
10025  8.6  3.0  0.0  5.0 d   21
10033  6.4  1.7  0.0  6.5 v    7
10062  6.0  1.4  0.0  5.0 v   12
10095  2.0  0.0  0.0  6.8 d  5.1
10096  2.6  2.2  0.0  5.5 v  4.2
10114  2.8  2.6  0.0  5.1 v  7.5
10120  2.0  1.0  0.0  6.3 v  3.2
10121  6.0  2.4  0.0  5.5 v  7.9
10138  6.0  2.4  0.0  5.5 v  6.7
10142  6.0  2.4  0.0  5.5 v  8.1
10144  2.5  0.0  0.0  6.4 d  5.0
10184  3.3  0.0  0.0  5.8 d  7.9
10234  1.2  0.0  0.0  7.9 d  1.6
10246  1.2  0.0  0.0  7.9 d  1.2
10293  6.0  2.4  0.0  5.5 v   10
10295  6.4  2.0  0.0  5.8 d   12
10309  1.2  0.0  0.0  7.9 d  1.1
10355  6.0  2.4  0.0  5.5 v  6.3
10358  2.0  2.0  0.0  5.9 d  4.4
10461  6.0  2.4  0.0  5.5 v   10
10490  6.0  1.4  0.0  5.8 d   13
10492  6.0  2.4  0.0  5.5 v  8.1
10502  0.3  0.9  0.9  8.0 d    2
10513  6.0  2.4  0.0  5.5 v  7.8
10514  5.0  1.5  0.0  5.3 v  7.5
10515  2.8  2.6  0.0  5.1 v  7.4
10517  6.4  2.0  0.0  5.8 d   12
10520  2.0  1.0  0.0  6.3 v  2.9
10521  6.0  2.4  0.0  5.5 v  7.8
10529  0.3  0.9  0.9  8.0 d    1
10531  3.0  0.0  0.0  6.0 d  5.8
10537  6.0  2.4  0.0  5.5 v  7.9
10539  2.0  2.0  0.0  6.7 d  3.9
10541  2.6  2.2  0.0  5.5 v  6.2
10544  0.3  0.9  0.9  8.0 d    1
10582  2.8  2.6  0.0  5.1 v  7.5
10591  6.0  2.4  0.0  5.5 v  9.0
10594  0.3  0.9  0.9  8.0 d    1
10600  6.0  2.4  0.0  5.5 v  7.2
10637  4.3  1.3  0.0  6.0 d  7.6
10674  1.7  1.6  0.0  7.1 d  1.5
10675  0.8  0.9  0.0  8.4 d  1.7
10676  2.0  1.0  0.0  6.3 v  3.3
10677  6.0  2.4  0.0  5.5 v  8.8
10693  6.0  2.4  0.0  5.5 v  6.6
10702  3.0  1.5  0.0  6.9 d  4.8
10704  3.0  2.0  0.0  5.6 d  8.7
10732  6.0  2.4  0.0  5.5 v  9.4
10745  6.0  2.4  0.0  5.5 v  6.7
10777  6.0  2.4  0.0  5.5 v  7.1
10778  4.0  2.0  0.0  6.0 d   12
10793  6.0  1.4  0.0  5.8 d   14
10820  6.4  1.7  0.0  6.5 v  6.5
10856  6.4  2.0  0.0  5.8 d   13
10861  2.8  2.6  0.0  5.1 v  8.1
10918  6.0  2.4  0.0  5.5 v  9.2
10938  6.0  2.4  0.0  5.5 v   10
10954  6.0  1.4  0.0  5.5 d   12
10961  2.0  1.0  0.0  6.3 v  5.2
10962  6.0  2.4  0.0  5.5 v  8.4
10967 21.0  1.5  0.0  3.9 v   22
10973  6.0  2.0  0.0  5.2 v   11
10974  2.6  2.2  0.0  5.5 v  6.0
10992  6.0  2.4  0.0  5.5 v  7.6
11051  6.0  2.4  0.0  5.5 v  9.1
11057  4.0  2.0  0.0  5.5 d   14
11060  3.7  1.9  0.0  6.1 v  5.6
11080  3.0  2.0  0.0  6.4 d  5.4
11081  6.0  1.4  0.0  5.8 d   14
11084  3.0  0.0  0.0  6.0 d  6.6
11087  2.6  2.2  0.0  5.5 d  6.6
11111  2.0  1.0  0.0  6.3 v  2.8
11112  6.0  2.4  0.0  5.5 v  8.3
11136  6.0  2.4  0.0  5.5 v   10
11165  5.0  1.5  0.0  6.4 d  9.5
11166  2.8  2.6  0.0  5.1 v  8.8
11170  6.0  2.4  0.0  5.5 v   11
11239  6.0  2.4  0.0  5.5 v  6.3
11251  5.0  1.5  0.0  5.8 v  8.1
11267  2.6  2.2  0.0  5.5 v  6.5
11288  5.0  1.5  0.0  5.3 v  6.8
11289  2.8  2.6  0.0  5.1 v  9.0
11304  6.0  2.4  0.0  5.5 v  8.4
11309  6.0  2.4  0.0  5.5 v  8.6
11321  6.0  2.4  0.0  5.5 v  8.0
11327  6.0  2.4  0.0  5.5 v  8.6
11332  2.8  2.6  0.0  5.1 v  9.5
11379  6.0  2.4  0.0  5.5 v  6.5
11389  6.4  1.7  0.0  6.5 v    7
11416  3.7  1.9  0.0  6.1 v  6.5
11425  2.0  1.0  0.0  6.3 v  3.2
11427  6.0  2.4  0.0  5.5 v  7.1
11510  2.0  1.0  0.0  6.3 v  3.0
11511  6.0  2.4  0.0  5.5 v  7.7
11546  6.0  2.4  0.0  5.5 v  9.1
11573  2.0  1.0  0.0  6.3 v  3.1
11574  6.0  2.4  0.0  5.5 v  8.7
11586  6.0  2.4  0.0  5.5 v  9.1
11601  2.8  2.6  0.0  5.1 v  9.4
11605  5.0  1.5  0.0  5.3 v  8.7
11608  2.8  2.6  0.0  5.1 v   10
11636  6.0  1.4  0.0  5.5 d   15
11668  6.0  2.4  0.0  5.5 v   10
11669  3.0  2.0  0.0  6.0 d    6
11671  3.0  1.1  0.0  5.5 v   14
11672  2.6  2.2  0.0  5.5 v  6.3
11681  6.0  2.4  0.0  5.5 v  8.5
11683  2.8  2.6  0.0  5.1 v   13
11699  6.0  2.4  0.0  5.5 v  9.4
11720  0.3  0.9  0.9  8.0 d    2
11731  0.3  0.9  0.9  8.0 d    1
11732  0.3  0.9  0.9  8.0 d    1
11736  6.0  2.4  0.0  5.5 v  7.3
11745  0.3  0.9  0.9  8.0 d    1
11751  6.0  2.4  0.0  5.5 v  6.9
11765  2.0  0.0  0.0  6.8 d  6.0
11788  2.0  2.0  0.0  5.6 d  4.0
11804  6.0  2.4  0.0  5.5 v  7.3
11822  2.8  2.6  0.0  5.1 v  7.8
11841  3.0  0.0  0.0  6.0 d  3.2
11849  2.8  2.6  0.0  5.1 v  8.6
11852  0.8  0.5  0.0  9.0 d  2.0
11869  2.0  1.0  0.0  6.3 v  3.1
11870  6.0  2.4  0.0  5.5 v  8.8
11883  6.0  2.4  0.0  5.5 v  9.4
11933  2.8  2.6  0.0  5.1 v  7.2
11962  5.0  1.5  0.0  5.3 v  8.1
11963  2.8  2.6  0.0  5.1 v  7.8
12054  6.0  0.0  0.0  4.9 v   17
12069  8.6  3.0  0.0  5.0 d   21
12071  5.0  1.5  0.0  5.4 v   14
12072  2.8  2.6  0.0  5.1 v  8.8
12088  6.0  2.4  0.0  5.5 v  9.1
12089  4.0  2.0  0.0  6.0 d   11
12092  6.0  2.4  0.0  5.5 v  7.1
12115  6.0  2.4  0.0  5.5 v   10
12138  1.8  1.5  0.0  7.2 d  3.2
12139  6.0  2.4  0.0  5.5 v   11
12150  6.0  2.4  0.0  5.5 v  8.2
12154  5.0  1.5  0.0  5.4 v   14
12155  2.8  2.6  0.0  5.1 v  7.4
12156  4.0  2.0  0.0  5.5 d   17
12298  6.0  2.4  0.0  5.5 v  8.7
12319  2.0  2.0  0.0  5.6 d  5.8
12328  6.0  2.4  0.0  5.5 v   10
12363  8.6  3.0  0.0  5.0 d   22
12388  1.8  1.5  0.0  7.2 d  3.3
12389  6.0  2.4  0.0  5.5 v   10
12409  2.0  2.0  0.0  5.9 d  4.2
12442  2.0  1.0  0.0  6.3 v  3.1
12443  6.0  2.4  0.0  5.5 v  7.1
12445  8.6  3.0  0.0  5.0 d   19
12456  5.0  1.5  0.0  5.3 v  8.7
12457  2.8  2.6  0.0  5.1 v  8.6
12464  5.0  1.5  0.0  5.4 v   12
12465  2.8  2.6  0.0  5.1 v  6.9
12474  4.0  2.0  0.0  6.0 d  4.3
12497  8.6  3.0  0.0  5.0 d   23
12508  6.0  2.4  0.0  5.5 d  7.3
12532  3.4  0.0  0.0  5.7 d  7.8
12545  2.0  1.0  0.0  6.5 d   10
12553  3.7  1.9  0.0  6.1 v  4.1
12585  5.0  1.5  0.0  5.8 v  7.7
12586  2.8  2.6  0.0  5.1 v   11
12618  4.0  2.0  0.0  5.5 d    8
12644  6.0  2.4  0.0  5.5 v  7.6
12645  3.0  0.0  0.0  6.0 d  8.0
12646  2.8  2.6  0.0  5.1 v  8.3
12655  2.8  0.0  0.0  6.1 d  6.0
12682  6.0  2.4  0.0  5.5 v  8.8
12783  2.0  2.0  0.0  5.6 d  4.0
12785  6.0  2.0  0.0  5.2 v  8.5
12786  2.6  2.2  0.0  5.5 v  5.2
12791  2.0  1.0  0.0  6.3 v  2.9
12792  6.0  2.4  0.0  5.5 v  8.6
12804  6.0  2.4  0.0  5.5 v  8.3
12836  6.0  2.4  0.0  5.5 v  7.5
12848  2.8  2.0  0.0  6.5 d   12
12849  2.6  2.2  0.0  5.5 v  7.1
12854  0.9  0.0  0.0  8.6 d 0.19
12879  3.0  2.0  0.0  5.5 d   18
12880  2.6  2.2  0.0  5.5 v  7.0
12889  6.0  1.4  0.0  5.8 d   12
12903  5.0  1.5  0.0  5.4 v   12
12904  2.8  2.6  0.0  5.1 v  8.1
12908  8.6  3.0  0.0  5.0 d   19
12983  6.0  2.4  0.0  5.5 v   10
12987  6.0  2.0  0.0  5.2 v   14
12988  2.6  2.2  0.0  5.5 v  5.8
13003  6.0  2.4  0.0  5.5 v   10
13007  8.6  3.0  0.0  5.0 d   21
13027  2.0  1.0  0.0  6.3 v  4.5
13028  6.0  2.4  0.0  5.5 v  6.7
13034  6.0  2.4  0.0  5.5 v  7.2
13066  6.0  2.4  0.0  5.5 v  5.4
13067  5.0  1.5  0.0  5.4 v   10
13068  2.8  2.6  0.0  5.1 v   10
13070  4.0  2.0  0.0  5.5 d   19
13080  4.0  2.0  0.0  5.5 d   14
13092  3.0  0.0  0.0  6.0 d  1.8
13111  6.0  2.4  0.0  5.5 v  8.3
13113  5.0  1.5  0.0  5.3 v  9.5
13114  2.6  2.2  0.0  5.5 v  6.6
13120  5.0  1.5  0.0  5.4 v   11
13121  2.8  2.6  0.0  5.1 v  8.3
13128  6.0  2.4  0.0  5.5 v  7.2
13148  2.0  1.0  0.0  6.3 v  2.8
13149  6.0  2.4  0.0  5.5 v  9.5
13153  5.0  1.5  0.0  5.4 v   16
13154  2.8  2.6  0.0  5.1 v  8.5
13168  6.0  2.4  0.0  5.5 v   11
13172  0.3  0.9  0.0  8.9 d  0.5
13175  2.0  2.0  0.0  5.6 d  3.6
13241  2.0  1.0  0.0  6.3 v  2.9
13242  6.0  2.4  0.0  5.5 v  8.5
13243  2.0  2.0  0.0  5.9 d  4.0
13260  6.0  2.4  0.0  5.5 v   10
13271  6.0  2.0  0.0  5.2 v   15
13272  2.6  2.2  0.0  5.5 v  6.7
13301  2.1  2.0  0.0  6.7 d  4.6
13302  6.0  2.4  0.0  5.5 v  9.1
13354  6.0  2.4  0.0  5.5 v  7.5
13367  4.0  2.0  3.7  5.6 d   13
13386  6.0  2.4  0.0  5.5 v  9.3
13402  5.0  1.5  0.0  5.4 v   12
13403  2.8  2.6  0.0  5.1 v  7.5
13552  6.0  2.0  0.0  5.2 v   11
13553  2.6  2.2  0.0  5.5 v  6.4
13589  3.0  2.0  0.0  5.5 d   19
13590  2.6  2.2  0.0  5.5 v   19
13600  2.0  2.0  0.0  5.6 d  4.5
13618  6.0  2.4  0.0  5.5 v  8.0
13648  2.0  1.0  0.0  6.3 v  4.8
13649  6.0  2.4  0.0  5.5 v  8.4
13669  4.0  2.0  0.0  5.5 d   37
13718  5.0  1.5  0.0  5.3 v  6.6
13719  2.6  2.0  0.0  5.1 v  8.3
13736  6.4  1.7  0.0  6.4 v  5.7
13758  6.0  2.4  0.0  5.5 v  8.8
13769  6.0  2.4  0.0  5.5 v  9.5
13770  5.0  1.5  0.0  5.4 v   12
13771  2.8  2.6  0.0  5.1 v  9.4
13777  3.6  2.0  0.0  6.3 d  3.2
13778  6.4  2.0  0.0  5.8 d   13
13791  0.3  0.9  0.9  8.0 d    2
13818  5.0  1.5  0.0  5.4 v   14
13819  2.8  2.6  0.0  5.1 v  7.7
13844  0.3  0.9  0.9  8.0 d    1
13845  0.3  0.9  0.9  8.0 d    1
13874  0.3  0.9  0.9  8.0 d    1
13916  2.1  2.0  0.0  6.7 d  3.6
13917  6.0  2.4  0.0  5.5 v   12
13923  3.7  1.9  0.0  6.1 v  8.6
13950  6.0  2.4  0.0  5.5 v  7.8
13991  2.0  1.0  0.0  6.3 v  3.4
13992  6.0  2.4  0.0  5.5 v  9.1
14032  6.0  2.0  0.0  5.2 v   10
14033  2.6  2.2  0.0  5.5 v  6.1
14051  5.9  2.4  0.0  5.5 d   13
14059  6.0  2.4  0.0  5.5 v  9.3
14064  6.0  2.0  0.0  5.9 d   18
14077  5.0  2.0  0.0  5.5 d  5.6
14085  6.0  2.4  0.0  5.5 v  8.1
14096  7.0  2.4  0.0  5.5 d   12
14112  0.3  0.9  0.9  8.0 d    2
14139  0.8  0.5  0.0  9.0 d  0.5
14143  0.3  0.9  0.9  8.0 d    1
14144  0.3  0.9  0.9  8.0 d    1
14147  6.0  2.0  0.0  5.2 v   12
14148  2.6  2.2  0.0  5.5 v  7.0
14160  3.0  0.0  0.0  6.0 d  1.4
14179  6.0  2.4  0.0  5.5 v   10
14180  0.3  0.9  0.9  8.0 d    1
14207  6.0  1.4  0.0  5.2 v  9.3
14208  2.8  2.6  0.0  5.1 v  8.0
14240  2.0  1.0  0.0  6.3 v  3.1
14241  6.0  2.4  0.0  5.5 v  6.3
14372  3.0  1.1  0.0  5.5 v   22
14373  2.6  2.2  0.0  5.5 v  6.0
14401  2.0  1.0  0.0  6.3 v  3.1
14402  6.0  2.4  0.0  5.5 v  9.1
14451  6.0  2.4  0.0  5.5 v  7.3
14452  5.0  1.5  0.0  5.3 v  8.9
14453  3.8  2.6  0.0  5.1 v  8.6
14483  1.8  1.5  0.0  7.2 d  3.2
14484  6.0  2.4  0.0  5.5 v  9.0
14506  6.4  1.7  0.0  6.5 v  6.5
14521  3.0  2.0  0.0  5.5 d   13
14522  2.6  2.2  0.0  5.5 v  8.0
14532  3.0  0.0  0.0  6.0 d  1.4
14547  6.0  2.4  0.0  5.5 v  7.9
14551  6.0  2.0  0.0  5.2 v   13
14552  2.6  2.2  0.0  5.5 v  5.9
14619  6.0  2.4  0.0  5.5 v  8.6
14625  6.0  2.4  0.0  5.5 v  8.5
14670  2.4  2.0  0.0  6.6 d  6.3
14680  6.0  2.4  0.0  5.5 v  6.9
14690  0.3  0.9  0.9  8.0 d    2
14699  6.0  2.0  0.0  5.2 v   12
14700  2.6  2.2  0.0  5.5 v  6.2
14728  0.3  0.9  0.9  8.0 d    1
14729  0.3  0.9  0.9  8.0 d    1
14759  2.1  2.0  0.0  6.3 v  3.5
14760  6.0  2.4  0.0  5.5 v  6.4
14780  4.0  2.0  3.7  5.6 d   13
14781  0.6  0.4  0.4  9.7 d 0.38
14795  0.3  0.9  0.9  8.0 d    1
14819  6.0  2.0  0.0  5.2 v   17
14820  2.6  2.2  0.0  5.5 v  6.6
14966  6.0  2.4  0.0  5.5 v  8.6
14974  6.0  2.4  0.0  5.5 v   10
14985  1.8  1.4  1.4  6.0 d   17
15006  6.0  2.4  0.0  5.5 v   10
15031  2.0  1.0  0.0  6.3 v  3.3
15032  6.0  2.4  0.0  5.5 v  9.0
15055  2.1  2.0  0.0  6.7 d  4.6
15056  6.0  2.4  0.0  5.5 v  8.2
15071  0.3  0.9  0.0  7.5 v  0.5
15078  6.0  2.4  0.0  5.5 v  7.0
15085  2.0  2.0  0.0  5.5 v  4.5
15099  5.0  1.5  0.0  5.3 v  7.9
15100  2.6  2.2  0.0  5.5 v  5.7
15171  3.0  2.0  0.0  5.5 d   16
15172  2.6  2.2  0.0  5.5 v  7.5
15202  7.0  1.4  0.0  6.2 d   14
15214  4.0  2.0  0.0  5.5 d   16
15244  2.5  1.5  0.0  7.0 r  4.5
15293  6.0  2.4  0.0  5.5 v  7.1
15331  3.0  1.1  0.0  5.5 v   16
15332  2.6  2.2  0.0  5.5 v  6.3
15333  6.0  2.0  0.0  5.6 v   10
15334  5.5  4.0  0.0  5.0 d   19
15354  4.4  1.5  0.0  6.5 d  8.0
15360  6.0  2.4  0.0  5.5 v  8.7
15369  6.0  2.0  0.0  5.2 v   13
15370  2.6  2.2  0.0  5.5 v  5.0
15378  2.0  2.0  0.0  5.5 v  3.7
15385  4.0  2.0  0.0  5.5 d  7.8
15392  6.4  2.0  0.0  5.8 d   13
15399  6.0  2.4  0.0  5.5 v  6.8
15427  3.7  1.9  0.0  6.1 v  7.7
15475  2.6  2.2  0.0  5.5 v  8.8
15482  2.0  1.0  0.0  6.3 v  3.6
15483  6.0  2.4  0.0  5.5 v  9.0
15494  6.0  2.0  0.0  5.2 v  8.6
15495  2.6  2.2  0.0  5.5 v  5.3
15506  6.0  2.4  0.0  5.5 v  8.0
15516  5.0  1.5  0.0  5.3 v  7.1
15517  2.6  2.2  0.0  5.5 v  6.7
15592  6.0  2.0  0.0  5.2 v   13
15593  2.6  2.2  0.0  5.5 v  6.5
15595  2.0  1.5  0.0  7.1 d   14
15598  6.0  2.4  0.0  5.5 v  7.4
15625  6.0  2.4  0.0  5.5 v  9.0
15629  5.0  2.0  0.0  5.5 d  3.6
15677  4.0  2.0  0.0  5.0 d   10
15698  3.0  2.0  0.0  5.5 d    6
15752  6.0  2.4  0.0  5.5 v   12
15755  6.0  2.0  0.0  5.6 v   17
15772  5.5  4.0  0.0  5.0 d   19
15821  3.0  2.0  0.0  5.5 d   18
15822  2.6  2.2  0.0  5.5 v  7.1
15889  6.0  2.0  0.0  5.2 v   11
15890  2.6  2.2  0.0  5.5 v  5.6
15930  2.0  2.0  0.0  5.9 d  4.4
15944  6.0  2.0  0.0  5.2 v   14
15945  2.6  2.2  0.0  5.5 v  6.0
15946  4.0  2.0  0.0  5.5 d  6.1
15986  2.0  2.0  0.0  5.5 v  4.8
15994  3.0  0.0  0.0  6.0 d  5.0
16011  2.0  1.0  0.0  6.3 v  3.1
16012  6.0  2.4  0.0  5.5 v  8.9
16101  4.0  0.0  0.0  6.0 d   15
16111  2.8  2.6  0.0  5.1 v  9.0
16144  2.6  2.2  0.0  5.5 v  8.3
16181  3.0  2.0  0.0  5.6 v  5.9
16182 10.4  3.9  0.0  3.9 v   16
16191  4.2  1.4  0.0  6.7 d  8.2
16194  2.6  2.2  0.0  5.5 v  6.4
16262  3.0  2.0  0.0  5.2 v  6.4
16263  2.6  2.2  0.0  5.5 v  6.5
16292  6.0  2.4  0.0  5.5 v  8.2
16326  6.0  2.0  0.0  5.2 v   14
16327  2.6  2.2  0.0  5.5 v  6.5
16369  6.0  2.4  0.0  5.5 v  6.7
16393  4.0  2.0  0.0  5.5 d   16
16408  5.0  1.5  0.0  5.3 v  7.7
16409  2.6  2.2  0.0  5.5 v  6.3
16457  6.0  2.4  0.0  5.5 v  8.5
16494  6.0  2.4  0.0  5.5 v  6.3
16495  6.0  2.0  0.0  5.2 v   18
16496  2.6  2.2  0.0  5.5 v  5.7
16511  6.0  2.4  0.0  5.5 v  7.2
16591  0.3  0.9  0.9  8.0 d    2
16593  3.0  2.0  0.0  5.5 d   20
16594  2.6  2.2  0.0  5.5 v  7.6
16611  6.0  2.0  0.0  5.2 v   13
16612  2.6  2.2  0.0  5.5 v  6.3
16613  4.7  1.8  1.8  6.0 d   16
16614  1.8  0.5  0.0  8.7 d  3.8
16615  1.5  0.0  0.0  7.0 d  1.7
16623  0.3  0.9  0.9  8.0 d    1
16624  0.3  0.9  0.9  8.0 d    1
16631  0.3  0.9  0.9  8.0 d    1
16647  2.0  2.0  0.0  5.5 v  4.0
16681  2.0  1.0  0.0  6.3 v  3.5
16682  6.0  2.4  0.0  5.5 v  8.7
16719  6.0  2.0  0.0  5.2 v   14
16720  2.6  2.2  0.0  5.5 v  5.6
16728  6.0  2.4  0.0  5.5 v   10
16735  5.0  1.5  0.0  5.3 v  6.9
16736  2.6  2.2  0.0  5.5 v  5.3
16766  6.0  2.4  0.0  5.5 v  8.9
16791  6.0  2.0  0.0  5.2 v   12
16792  2.6  2.2  0.0  5.5 v  6.9
16799  6.0  2.4  0.0  5.5 v  7.9
16860  2.0  1.0  0.0  6.3 v  3.2
16864  6.0  2.4  0.0  5.5 v  8.0
16865  4.0  2.0  0.0  6.0 d  8.7
16866  3.0  2.0  0.0  6.3 d  5.6
16881  3.0  1.1  0.0  5.5 v   17
16882  2.6  2.2  0.0  5.5 v  6.5
16908  2.2  0.0  0.0  6.7 d  3.6
16910 13.5  2.5  0.0  4.9 d   15
16917  2.0  2.0  0.0  5.5 v  4.3
16952  2.0  1.0  0.0  6.3 v  3.0
16953  6.0  2.4  0.0  5.5 v  8.8
16969  3.7  1.9  0.0  6.1 v  7.0
16986  6.0  2.0  0.0  5.2 v   14
16987  2.6  2.2  0.0  5.5 v  6.4
17046  4.0  2.0  0.0  5.5 d  5.8
17067  6.0  2.4  0.0  5.5 v  8.2
17083  3.0  0.0  0.0  6.0 d  2.0
17122  4.7  0.0  0.0  5.0 d   11
17129  3.6  0.0  0.0  5.6 d  8.4
17146  6.0  2.4  0.0  5.5 v   11
17160  6.0  2.4  0.0  5.5 v  7.3
17177  3.0  2.0  0.0  5.5 d   13
17178  2.6  2.2  0.0  5.5 v  5.2
17191  6.0  2.0  0.0  5.2 v   13
17192  2.6  2.2  0.0  5.5 v  6.0
17240  6.0  2.4  0.0  5.5 v   10
17241  5.0  1.5  0.0  6.4 d   14
17242  2.6  2.2  0.0  5.5 v  6.4
17290  5.0  1.5  0.0  5.3 v  8.4
17291  2.6  2.2  0.0  5.5 v  5.8
17295  6.0  2.0  0.0  5.2 v   10
17296  2.6  2.2  0.0  5.5 v  5.8
17303  2.0  1.0  0.0  6.3 v  3.0
17304  6.0  2.4  0.0  5.5 v  8.4
17360  6.0  2.4  0.0  5.5 v  7.6
17369  6.0  2.0  0.0  5.3 v  7.2
17526  6.0  2.4  0.0  5.5 v  6.5
17527  2.4  1.5  1.3  6.9 d  6.3
17528 10.3  2.5  0.0  5.1 d   11
17535  3.0  2.0  0.0  5.5 d   20
17536  2.6  2.2  0.0  5.5 v  6.5
17566  6.0  2.0  0.0  5.2 v   15
17567  2.6  2.2  0.0  5.5 v  6.1
17588  2.6  2.2  0.0  5.5 v  6.9
17589  6.0  2.0  0.0  5.6 v  6.7
17590 10.4  3.9  0.0  3.9 v   26
17911  6.0  2.0  0.0  5.2 v   12
17912  2.6  2.2  0.0  5.5 v  6.8
17969  3.0  0.0  0.0  6.0 d  3.8
17973  6.0  2.0  0.0  5.0 v   28
17974 10.4  3.9  0.0  3.9 v   17
17997  3.0  1.5  0.0  8.0 d    3
18009  0.3  0.9  0.9  8.0 d    1
18010  0.3  0.9  0.9  8.0 d    1
18025  0.3  0.9  0.9  8.0 d    1
18095  2.0  1.0  0.0  6.3 v  3.0
18096  6.0  2.4  0.0  5.5 v  8.8
18121  6.0  2.4  0.0  5.5 v  9.0
18122  2.0  2.0  0.0  5.5 v  4.2
18123  6.4  1.7  0.0  6.4 v  5.9
18129  2.1  2.0  0.0  6.7 d  3.2
18130  6.0  2.4  0.0  5.5 v  7.2
18152  6.0  2.0  0.0  5.0 v   16
18153  2.6  2.2  0.0  5.5 v  4.8
18161  6.0  2.4  0.0  5.5 v  9.1
18187  6.0  2.0  0.0  5.0 v  7.4
18214  6.0  2.0  0.0  5.0 v   16
18215  2.6  2.2  0.0  5.5 v  4.4
18312  5.0  1.5  0.0  5.3 v  5.8
18313  2.6  2.2  0.0  6.5 d  6.9
18340  2.6  2.2  0.0  5.5 v  8.9
18403  6.0  2.4  0.0  5.5 v  7.7
18421  6.0  2.0  0.0  5.2 v  9.3
18422  2.6  2.2  0.0  5.5 v  5.9
18570  4.0  0.0  0.0  6.0 d  3.6
18585  2.0  1.0  0.0  6.3 v  3.2
18586  6.0  2.4  0.0  5.5 v   10
18631  4.0  2.0  0.0  5.5 d  5.3
18665  2.2  2.0  0.0  5.5 v  3.7
18710  6.0  2.4  0.0  5.5 v  9.3
18748  6.0  2.0  0.0  5.2 v   14
18749  2.6  2.2  0.0  5.5 v  7.0
18794  2.6  2.2  0.0  5.5 v  6.3
18820  5.0  1.5  0.0  5.3 v  6.2
18821  2.6  2.2  0.0  5.5 v  6.9
18822  6.4  1.7  0.0  6.4 v  5.9
18945  6.0  2.4  0.0  5.5 v   10
18951  4.0  2.0  0.0  5.5 d  5.3
18957  4.0  2.0  0.0  5.5 v  3.7
18958  6.0  2.0  0.0  5.2 v   14
18959  2.6  2.2  0.0  5.5 v  5.5
18960  3.0  2.0  2.0  6.3 d  7.5
18961  2.8  2.6  0.0  5.1 v  6.8
18986  6.0  2.4  0.0  5.5 v  8.7
19017  3.0  0.0  0.0  6.0 d  3.6
19038  2.0  1.0  0.0  6.3 v  3.6
19039  6.0  2.4  0.0  5.5 v  8.5
19045  6.0  1.4  0.0  5.2 v  8.6
19046  2.8  2.6  0.0  5.1 v  8.4
19119  6.0  2.0  0.0  5.0 v   20
19120 10.4  3.9  0.0  3.9 v   16
19195  3.0  2.0  0.0  5.5 d   16
19196  2.6  2.2  0.0  5.5 v  6.6
19210  6.0  2.0  0.0  5.2 v   12
19211  2.6  2.2  0.0  5.5 v  5.6
19217  3.0  2.0  0.0  6.0 d   10
19256  2.0  1.0  0.0  6.3 v  2.7
19257  6.0  2.4  0.0  5.5 v  6.6
19274  3.0  1.1  0.0  5.5 v   14
19275  2.6  2.2  0.0  5.5 v  5.2
19325  6.0  2.4  0.0  5.5 v   10
19336  4.2  1.4  0.0  6.7 d  9.0
19337  2.6  2.2  0.0  5.5 v  6.8
19397  3.0  0.0  0.0  6.0 d  5.1
19460  6.0  3.0  0.0  5.3 d  3.0
19467  5.0  1.3  0.0  6.0 d  4.1
19468  6.0  2.0  0.0  5.5 d   13
19483  4.0  2.0  0.0  5.0 d   12
19531  3.7  1.9  0.0  6.1 v  7.0
19573  6.0  2.0  0.0  5.2 v   12
19574  2.6  2.2  0.0  5.5 v  6.9
19621  4.0  0.0  0.0  6.0 d   45
19649  6.0  2.0  0.0  5.0 v   29
19650 10.4  3.9  0.0  3.9 v   20
19713  4.0  2.0  0.0  5.5 d   14
19750  3.0  2.0  0.0  5.5 d    6
19765  3.0  0.0  0.0  6.0 d  5.2
19769  2.0  1.0  0.0  6.3 v  2.8
19770  6.0  2.4  0.0  5.5 v  6.5
19791  2.6  2.2  0.0  5.5 v  8.3
19822  1.0  0.0  0.0  8.3 d  5.5
19827  6.0  2.4  0.0  5.5 v  7.6
19851  5.0  1.5  0.0  5.3 v  8.1
19852  2.6  2.2  0.0  5.5 v  6.1
19910  6.0  2.4  0.0  5.5 v   13
19919  2.5  1.9  2.2  6.2 d  4.3
19922  6.0  2.4  0.0  5.5 v   10
20040  2.4  2.6  2.2  6.2 d  4.3
20046  6.0  2.4  0.0  5.5 v  8.0
20066  4.0  2.0  0.0  5.5 d    8
20103  2.1  2.0  0.0  6.7 d  6.0
20104  6.0  2.4  0.0  5.5 v  7.9
20122  4.0  2.0  0.0  5.5 d  5.4
20150  6.0  2.4  0.0  5.5 v  9.3
20168  4.0  0.0  0.0  6.0 d   10
20169  4.5  3.0  0.0  6.0 v   13
20196  3.0  2.0  0.0  5.5 d   15
20197  2.6  2.2  0.0  5.5 v  7.1
20238  2.6  2.2  0.0  5.5 v  8.7
20261  4.0  0.0  0.0  5.3 d   12
20262  2.6  2.2  0.0  5.5 v  6.8
20263  3.0  0.0  0.0  6.0 d  4.5
20299  5.0  2.5  0.0  4.5 v   17
20303  5.9  2.4  0.0  5.0 v   13
20305  4.2  1.4  0.0  6.7 d   10
20306  2.6  2.2  0.0  5.5 v  6.7
20322  4.9  8.5  0.0  3.9 d   22
20323  7.0  2.4  0.0  5.5 d   13
20344  4.0  2.0  0.0  5.5 v   10
20362  5.9  2.4  0.0  5.0 v   13
20432  2.0  1.0  0.0  6.3 v  3.1
20433  6.0  2.4  0.0  5.5 v   10
20436  4.7  1.8  1.8  6.0 d   15
20439  0.2  0.2  0.2 11.3 d 0.11
20440  0.2  0.2  0.2 11.3 d 0.13
20441  0.2  0.2  0.2 11.3 d 0.13
20442  0.2  0.2  0.2 11.3 d 0.22
20443  9.9  2.6  0.0  4.5 v   17
20453  5.9  2.4  0.0  5.0 v   12
20465  6.0  2.0  0.0  5.2 v   16
20466  2.6  2.2  0.0  5.5 v  6.6
20478  2.4  1.5  1.3  6.9 d  5.2
20479  1.9  0.5  0.0  8.7 d 0.63
20480  0.5  0.4  0.0 10.1 d 0.32
20491 10.3  2.5  0.0  5.1 d   10
20508  2.1  2.0  0.0  6.7 d  3.9
20509  6.0  2.4  0.0  5.5 v  9.1
20510  3.0  1.1  0.0  5.5 v   17
20511  2.6  2.2  0.0  5.5 v  6.3
20528  6.0  2.4  0.0  5.5 v   10
20547  0.3  0.0  0.0  9.0 d 0.22
20557  6.0  2.4  0.0  5.5 v   12
20571  5.9  2.4  0.0  5.0 v   13
20578  6.0  2.4  0.0  5.5 v  8.0
20580 13.3  4.3  0.0  3.0 v   64
20607  0.4  0.6  0.0  9.5 d 0.54
20608  0.4  0.6  0.0  9.5 d 0.63
20624  6.0  2.0  0.0  5.0 v   17
20625 10.4  3.9  0.0  3.9 v   16
20638  4.8  2.3  4.4  5.2 d   13
20642  3.0  2.0  0.0  5.7 v    5
20646  4.0  2.0  0.0  5.5 d   14
20663  3.4  1.6  0.0  6.0 d   14
20666  2.8  2.6  0.0  6.0 d  5.2
20670  5.0  1.5  0.0  5.3 v  8.6
20671  2.6  2.2  0.0  5.5 v  6.7
20691  3.0  2.0  0.0  5.7 v    5
20692  3.0  2.0  0.0  5.7 v    5
20705  4.0  0.0  0.0  6.0 d  3.5
20720  3.0  2.0  0.0  5.5 d   18
20721  2.6  2.2  0.0  5.5 v  7.2
20741  2.6  2.2  0.0  5.5 v  8.0
20763  6.4  2.5  0.0  5.0 d   13
20771  5.0  2.0  0.0  5.0 d  1.6
20774  1.8  1.5  0.0  7.2 d  3.3
20775  6.0  2.4  0.0  5.5 v   10
20777  3.0  2.0  0.0  5.5 d   16
20788  5.0  1.3  0.0  6.0 d  5.8
20791  4.0  2.0  0.0  6.0 d  9.2
20805  6.0  2.4  0.0  5.5 v  9.2
20826  5.0  1.5  0.0  5.3 v  7.7
20827  2.6  2.2  0.0  5.5 v  6.4
20847  2.5  1.0  0.0  5.5 d  2.6
20849  2.4  1.5  0.0  6.4 d  2.4
20855  3.8  2.0  0.0  5.4 d   10
20923  3.0  2.0  0.0  6.0 d  2.2
20929  4.0  2.0  0.0  5.0 d   10
20967  2.6  2.2  0.0  5.5 v  6.1
20978  6.4  1.7  0.0  6.4 v  6.8
21014  2.0  1.0  0.0  6.3 v  3.3
21015  6.0  2.4  0.0  5.5 v  9.2
21016  4.0  2.0  0.0  5.5 d  5.0
21034  2.6  2.2  0.0  5.5 v  7.6
21048  5.9  2.4  0.0  5.5 d   12
21087  2.1  2.0  0.0  6.7 d  3.2
21088  6.0  2.4  0.0  5.5 v  8.1
21089  2.1  2.0  0.0  6.7 d  3.0
21090  6.0  2.4  0.0  5.5 v  8.5
21108  6.0  2.4  0.0  5.5 v   10
21131  6.0  2.4  0.0  5.5 v   10
21132  4.0  2.0  0.0  5.5 d    8
21147 18.0  4.5  0.0  3.6 v   20
21152  2.1  2.0  0.0  6.7 d  3.9
21153  6.0  2.4  0.0  5.5 v  9.2
21228  5.9  2.4  0.0  5.0 v   14
21231  6.0  2.4  0.0  5.5 v  9.1
21232  4.2  1.4  0.0  6.7 d   10
21233  2.6  2.2  0.0  5.5 v  6.4
21263  3.7  1.9  0.0  6.1 v  5.2
21305  2.6  2.2  0.0  5.5 v  7.5
21392  4.0  1.5  0.0  6.0 d   10
21393  5.9  2.4  0.0  5.0 v   14
21397  3.0  1.1  0.0  5.5 v   15
21398  2.6  2.2  0.0  5.5 v  5.7
21418  2.0  1.0  0.0  6.3 v  3.1
21419  6.0  2.4  0.0  5.5 v  7.9
21422  6.0  2.0  0.0  5.2 v   21
21423  2.6  2.2  0.0  5.5 v  6.2
21533  3.0  0.0  0.0  6.0 d  3.8
21574  3.5  2.0  2.0  5.0 v   23
21575  0.2  0.0  0.0 11.8 d 0.32
21610  9.9  2.6  0.0  4.5 v   22
21655  4.2  1.4  0.0  6.7 d  9.1
21656  2.6  2.2  0.0  5.5 v  6.8
21667  6.0  2.4  0.0  5.5 v  7.0
21668  5.0  2.0  0.0  5.0 d  1.6
21688  3.0  2.0  2.0  6.3 d  7.9
21689  2.8  2.6  0.0  5.1 v  8.2
21694  2.0  1.0  1.0  7.5 d  3.7
21695  3.0  1.4  0.0  6.9 d  3.2
21701  9.8  4.6  0.0  4.2 v   43
21734  2.6  2.2  0.0  5.5 v  8.6
21759  3.0  0.0  0.0  6.0 d  4.0
21785  2.6  2.2  0.0  5.5 v  7.0
21789  4.0  0.0  0.0  5.5 d  4.8
21797  6.0  2.4  0.0  5.5 v  8.9
21798  6.4  1.7  0.0  6.4 v  6.0
21799  3.0  2.0  0.0  5.7 v    5
21805  4.0  2.0  0.0  5.0 d   10
21808  3.0  2.0  0.0  5.7 v    5
21809  3.0  2.0  0.0  5.7 v    5
21819  3.0  0.0  0.0  6.0 d   15
21820  2.6  2.2  0.0  5.5 v  6.6
21876  6.0  2.4  0.0  5.5 v  9.5
21891  5.9  2.4  0.0  5.0 v   15
21903  6.0  2.4  0.0  5.5 v  9.2
21931  5.9  2.4  0.0  5.0 v   13
21938  6.0  2.4  0.0  5.5 v  8.1
21949  6.0  3.0  0.0  6.0 v  5.0
21965  5.9  2.4  0.0  5.0 v   14
21984  6.0  2.4  0.0  5.5 v   12
22007  6.0  2.4  0.0  5.5 v   10
22012  2.0  1.0  0.0  7.7 d  1.2
22015  5.9  2.4  0.0  5.0 v   13
22040  2.6  2.2  0.0  5.5 v  7.6
22076  3.0  0.0  0.0  6.0 d   11
22077  0.5  0.0  0.0  9.8 d 0.41
22079  9.9  2.6  0.0  4.5 v   30
22080  2.0  1.0  0.0  6.3 v  2.6
22081  6.0  2.4  0.0  5.5 v   10
22097  5.9  2.4  0.0  5.0 v   13
22109  5.9  2.4  0.0  5.0 v   14
22161  2.0  0.0  0.0  6.8 d  3.5
22176  5.9  2.4  0.0  5.0 v   14
22178  4.0  2.0  0.0  5.5 d   21
22188  2.6  2.2  0.0  5.5 v  8.4
22189  4.0  2.0  0.0  6.0 d   17
22205  4.0  2.0  0.0  6.0 d   13
22208  6.0  2.4  0.0  5.5 v   10
22219  6.0  2.0  0.0  5.2 v   13
22220 10.4  3.9  0.0  3.9 v   25
22232  5.9  2.4  0.0  5.0 v   13
22236  6.0  2.0  0.0  5.2 v   13
22237  2.6  2.2  0.0  5.5 v  6.0
22245  3.0  0.0  0.0  6.0 d  2.1
22276  5.9  2.4  0.0  5.0 v   14
22277  3.0  1.5  0.0  6.5 d  3.3
22282  3.0  2.0  0.0  5.5 d   13
22283  2.6  2.2  0.0  5.5 v  6.7
22284  6.0  2.0  0.0  5.2 v   12
22285 10.4  3.9  0.0  3.9 v   15
22286  6.0  2.0  0.0  5.2 v   11
22287  2.6  2.2  0.0  5.5 v  5.5
22308  6.0  2.4  0.0  5.5 v   11
22371  3.0  0.0  0.0  6.5 d  3.5
22447  5.9  2.4  0.0  5.0 v   12
22488  6.0  2.4  0.0  5.5 v  8.2
22519  4.0  2.0  0.0  5.5 v   10
22561  2.5  1.5  0.0  6.5 d  3.6
22562  2.0  1.0  0.0  7.5 d  1.7
22565  6.0  2.0  0.0  5.2 v  8.6
22566 10.4  3.9  0.0  3.9 v   16
22591  6.0  2.4  0.0  5.5 v  9.4
22626  6.0  2.0  0.0  5.2 v   12
22627  2.6  2.2  0.0  5.5 v  6.3
22638  1.0  0.0  0.0  8.3 d  1.0
22639  3.0  1.0  0.0  7.4 d  3.0
22651  2.6  2.2  0.0  5.5 v  8.2
22675  2.0  1.0  0.0  6.3 v  2.8
22676  6.0  2.4  0.0  5.5 v  8.0
22693  2.6  2.2  0.0  5.5 v  8.9
22698  1.0  0.0  0.0  8.3 d 0.75
22739  4.2  1.9  0.0  6.3 d  7.3
22781  2.5  1.0  0.0  6.5 v  2.9
22782  5.0  1.5  0.0  5.3 v  8.2
22784  2.6  2.2  0.0  5.5 v  6.1
22788  8.0  3.0  0.0  5.1 d   22
22802  6.0  2.0  0.0  5.2 v   13
22803 10.4  3.9  0.0  3.9 v   15
22823  4.7  1.8  1.8  6.0 d   13
22825  1.0  0.0  0.0  8.3 d 0.38
22826  1.0  0.0  0.0  8.3 d 0.13
22827  1.0  0.0  0.0  8.3 d 0.39
22829  1.0  0.0  0.0  8.3 d 0.47
22830  9.9  2.6  0.0  4.5 v   20
22889  6.0  2.4  0.0  5.5 v  8.2
22907  3.0  0.0  0.0  6.0 d  4.2
22927  4.0  2.0  0.0  4.0 v   11
22969  4.2  1.4  0.0  6.7 d  9.3
22970  2.6  2.2  0.0  5.5 v  7.2
22971  0.5  0.0  0.0  9.8 d 0.47
22997  8.0  3.0  0.0  3.0 v   25
23005  2.6  2.2  0.0  5.5 v  7.1
23031  1.5  0.0  0.0  7.6 v    2
23087  6.0  2.0  0.0  5.2 v   14
23088 10.4  3.9  0.0  3.9 v   18
23093  6.0  2.4  0.0  5.5 v  8.9
23097  7.0  3.0  0.0  4.5 v   20
23105  1.0  0.0  0.0  8.3 d  3.4
23106  1.0  0.0  0.0  8.3 d 0.16
23108  3.0  0.0  0.0  6.0 d  4.2
23168  4.0  0.0  0.0  5.0 d   15
23179  2.1  2.0  0.0  6.7 d  3.8
23180  6.0  2.4  0.0  5.5 v   10
23189  1.0  0.0  0.0  8.3 d  2.8
23190  6.0  2.4  0.0  5.5 v  9.2
23191  3.0  0.0  0.0  6.0 d  4.2
23198  1.0  0.0  0.0  8.3 d  1.5
23230  6.0  0.0  0.0  5.0 d   53
23233  6.4  1.7  0.0  6.4 v  6.3
23267  3.0  0.0  0.0  6.0 d  3.9
23278  3.0  0.0  0.0  6.0 d  3.2
23279  6.0  2.4  0.0  5.5 v   10
23317  3.0  1.1  0.0  5.5 v   16
23318  2.6  2.2  0.0  5.5 v  7.7
23323  3.0  2.0  2.0  6.3 d  6.4
23324  2.6  2.0  0.0  6.0 d   11
23342  6.0  1.4  0.0  5.2 v  6.9
23343 10.4  3.9  0.0  3.9 v   14
23404  6.0  2.0  0.0  5.2 v   12
23405 10.4  3.9  0.0  3.9 v   16
23411  5.0  2.5  0.0  4.5 d   22
23412  2.6  2.2  0.0  5.5 v  7.3
23420  4.0  2.0  0.0  5.5 d   14
23431  2.0  1.0  0.0  6.3 v  3.2
23432  6.0  2.4  0.0  5.5 v   11
23439  1.0  0.0  0.0  8.3 d 0.64
23440  2.0  2.5  0.0  5.5 v  7.0
23447  2.6  2.2  0.0  5.5 v  8.4
23455  4.2  1.9  0.0  6.3 d  7.1
23464  1.0  0.0  0.0  8.3 d 0.65
23465  1.0  0.0  0.0  8.3 d 0.69
23466  6.0  2.4  0.0  5.5 v   10
23527  6.0  2.4  0.0  5.5 v  8.8
23533  6.4  1.7  0.0  6.5 v  6.1
23545  0.5  1.0  0.0  9.0 d  2.8
23546  0.5  1.0  0.0  9.0 d  2.1
23547  1.0  0.0  0.0  8.3 d  1.4
23548  1.3  1.0  0.0  7.5 d  2.1
23560  3.5  2.0  2.0  5.0 v   17
23561  9.9  2.6  0.0  4.5 v   23
23604  6.0  2.4  0.0  5.5 v   10
23605  4.0  3.0  0.0  4.9 d   10
23608  9.0  2.6  0.0  4.5 v   18
23640  5.9  2.4  0.0  5.0 v   13
23657  3.0  1.1  0.0  5.5 v   15
23659  2.6  2.2  0.0  5.5 v  6.2
23670  4.0  2.0  0.0  4.0 d   15
23704  6.0  2.0  0.0  5.2 v   23
23705 10.4  3.9  0.0  3.9 v   16
23710  8.0  0.0  0.0  4.8 v  7.1
23711  5.9  2.4  0.0  5.0 v   13
23712 30.0  0.0  0.0  3.0 v   30
23728  5.0  3.0  0.0  4.0 v   15
23751  3.0  2.0  2.0  6.3 d  6.9
23752  1.0  0.0  0.0  8.3 d 0.79
23753  2.8  2.6  0.0  6.0 v  9.0
23757  5.0  2.5  0.0  5.7 d   21
23769  5.9  2.4  0.0  5.0 v   13
23773  2.1  2.0  0.0  6.7 d  3.9
23774  6.0  2.4  0.0  5.5 v  9.1
23793  2.6  2.2  0.0  5.5 v  6.6
23814  1.0  0.0  0.0  8.3 d 0.76
23815  2.0  0.0  0.0  6.8 d  1.9
23827  3.5  2.0  0.0  6.5 d  5.1
23828  2.6  2.0  0.0  6.0 d   11
23851  4.6  1.5  1.5  6.3 d   11
23859  1.0  0.1  0.0  9.0 v 0.25
23862  3.0  2.0  0.0  5.7 v    5
23908  3.0  2.0  0.0  5.7 v    5
23936  3.0  2.0  0.0  5.7 v    5
23937  1.0  0.0  0.0  8.3 d  2.0
23940  2.0  0.0  0.0  6.8 d  3.2
23947  3.5  2.0  0.0  6.2 v   10
24277  3.5  3.5  4.0  4.5 v   36
24278  0.5  0.0  0.0  9.8 d 0.35
24279 13.5  2.5  0.0  4.2 v   34
24285  1.0  0.0  0.0  8.3 d  2.0
24286  2.0  0.0  0.0  6.8 d  2.0
24297  6.0  2.0  0.0  5.2 v   18
24298 10.4  3.9  0.0  3.9 v   19
24304  2.1  2.0  0.0  6.6 d  4.6
24305  1.0  0.0  0.0  8.3 d 0.16
24306  6.0  2.4  0.0  5.5 v   10
24677  2.1  2.0  0.0  6.6 d  3.6
24678  6.0  2.4  0.0  5.5 v  8.9
24680  5.0  3.0  0.0  4.0 v   15
24731  2.6  2.2  0.0  5.5 d  9.0
24753  6.4  1.7  0.0  6.0 d  6.6
24772  2.1  2.0  0.0  6.4 d  4.1
24773  6.0  2.4  0.0  5.5 d   10
24792  4.0  1.8  0.0  6.5 d  8.9
24793  4.0  1.8  0.0  6.5 d   10
24794  4.0  1.8  0.0  6.5 d  8.6
24795  4.0  1.8  0.0  6.5 d  8.5
24796  4.0  1.8  0.0  6.5 d  9.4
24797  5.9  2.4  0.0  5.0 v   12
24809  5.9  2.4  0.0  5.0 v   13
24820  4.0  2.0  0.0  5.0 d   10
24827  7.0  3.0  0.0  4.0 v   38
24829  5.5  3.7  0.0  5.0 v   26
24836  4.0  1.8  0.0  6.5 d  7.8
24837  4.0  1.8  0.0  6.5 d  9.2
24839  4.0  1.8  0.0  6.5 d  8.1
24840  4.0  1.8  0.0  6.5 d  7.8
24841  4.0  1.8  0.0  6.5 d   12
24842  4.0  1.8  0.0  6.5 d  7.7
24869  4.0  1.8  0.0  6.5 d   11
24870  4.0  1.8  0.0  6.5 d   10
24871  4.0  1.8  0.0  6.5 d   10
24872  4.0  1.8  0.0  6.5 d   10
24873  4.0  1.8  0.0  6.5 d  6.9
24883  4.0  2.0  0.0  6.0 d   11
24903  4.0  1.8  0.0  6.5 d   10
24904  4.0  1.8  0.0  6.5 d  7.0
24905  4.0  1.8  0.0  6.5 d  8.7
24906  4.0  1.8  0.0  6.5 d   10
24907  4.0  1.8  0.0  6.5 d  9.4
24914  2.0  1.0  0.0  6.5 d  1.7
24920  1.0  0.0  0.0  8.0 d  1.9
24921  1.3  1.0  0.0  7.5 d  1.8
24925  2.0  1.0  0.0  6.5 d  2.4
24926  2.0  1.0  0.0  6.5 d  2.4
24944  4.0  1.8  0.0  6.5 d  9.5
24945  4.0  1.8  0.0  6.5 d  8.9
24946  4.0  1.8  0.0  6.5 d  7.9
24948  4.0  1.8  0.0  6.5 d   10
24949  4.0  1.8  0.0  6.5 d  8.7
24950  4.0  1.8  0.0  6.5 d  9.4
24953  2.1  2.0  0.0  6.6 d  3.6
24954  1.0  0.0  0.0  8.3 d  1.5
24955  6.0  2.4  0.0  5.5 v   10
24965  4.0  1.8  0.0  6.5 d   13
24966  4.0  1.8  0.0  6.5 d  9.1
24967  4.0  1.8  0.0  6.5 d  7.8
24968  4.0  1.8  0.0  6.5 d   12
24969  4.0  1.8  0.0  6.5 d   13
24971  3.0  2.0  2.0  6.3 d  8.1
25017 18.0  4.5  0.0  3.6 v   20
25034  7.0  3.0  0.0  3.5 v   20
25039  4.0  1.8  0.0  6.5 d   11
25040  4.0  1.8  0.0  6.5 d  9.0
25041  4.0  1.8  0.0  6.5 d  8.1
25042  4.0  1.8  0.0  6.5 d  9.1
25043  4.0  1.8  0.0  6.5 d  9.4
25063  5.0  4.0  0.0  3.5 v   15
25064  4.0  3.0  0.0  5.5 v   17
25077  4.0  1.8  0.0  6.5 d  5.9
25078  4.0  1.8  0.0  6.5 d  6.2
25104  4.0  1.8  0.0  6.5 d   11
25105  4.0  1.8  0.0  6.5 d  8.6
25106  4.0  1.8  0.0  6.5 d   10
25108  4.0  1.8  0.0  6.5 d  8.8
25112  0.5  1.0  0.0  9.0 d  2.1
25113  0.5  1.0  0.0  9.0 d  1.5
25114  0.5  1.0  0.0  9.0 d  2.5
25115  0.5  1.0  0.0  9.0 d  2.5
25116  0.5  1.0  0.0  9.0 d  1.5
25117  0.5  1.0  0.0  9.0 d  1.8
25118  0.5  1.0  0.0  9.0 d  1.3
25119  0.5  1.0  0.0  9.0 d  2.1
25135  5.9  2.4  0.0  5.0 v  9.4
25157  2.5  0.0  0.0  6.5 d  2.4
25158  0.5  1.0  0.0  9.0 d  1.6
25159  0.5  1.0  0.0  9.0 d  1.9
25160  3.0  1.0  0.0  7.0 d  4.6
25161  2.0  0.0  0.0  7.5 d  1.5
25162  4.0  2.0  0.0  5.5 v  7.2
25163  4.0  2.0  0.0  5.5 v  4.3
25164  4.0  2.0  0.0  5.5 v  5.0
25165  4.0  2.0  0.0  5.5 v  3.6
25169  4.0  1.8  0.0  6.5 d  8.6
25170  4.0  1.8  0.0  6.5 d  5.0
25171  4.0  1.8  0.0  6.5 d  7.6
25172  4.0  1.8  0.0  6.5 d   10
25173  4.0  1.8  0.0  6.5 d  8.7
25175 10.0  2.0  0.0  3.5 d   41
25259  8.0  3.0  0.0  3.5 v   20
25260  5.0  3.0  0.0  5.5 d   12
25261 10.0  3.0  0.0  4.5 d   22
25262  4.0  1.8  0.0  6.5 d   10
25263  4.0  1.8  0.0  6.5 d  8.5
25272  4.0  1.8  0.0  6.5 d   10
25273  4.0  1.8  0.0  6.5 d  9.1
25274  4.0  1.8  0.0  6.5 d  7.7
25275  4.0  1.8  0.0  6.5 d   11
25276  4.0  1.8  0.0  6.5 d   11
25280  2.0  1.0  0.0  6.5 d  2.5
25281  1.3  1.0  0.0  7.5 d  1.7
25285  4.0  1.8  0.0  6.5 d  7.4
25286  4.0  1.8  0.0  6.5 d  8.5
25287  4.0  1.8  0.0  6.5 d   11
25288  4.0  1.8  0.0  6.5 d   10
25289  4.0  1.8  0.0  6.5 d   10
25290  4.0  1.8  0.0  6.5 d  9.4
25291  4.0  1.8  0.0  6.5 d   10
25306  4.0  2.0  0.0  5.5 v  4.8
25307  4.0  2.0  0.0  5.5 v  5.8
25308  4.0  2.0  0.0  5.5 v  3.3
25309  4.0  2.0  0.0  5.5 v  4.5
25319  4.0  1.8  0.0  6.5 d  7.5
25320  4.0  1.8  0.0  6.5 d  7.9
25338  6.0  2.0  0.0  5.0 d   13
25342  4.0  1.8  0.0  6.5 d  7.9
25343  4.0  1.8  0.0  6.5 d  8.2
25344  4.0  1.8  0.0  6.5 d  8.0
25345  4.0  1.8  0.0  6.5 d   12
25346  4.0  1.8  0.0  6.5 d   10
25359  5.9  2.4  0.0  5.0 d   11
25369  2.6  2.2  0.0  5.5 d  8.9
25372  8.0  3.0  0.0  3.5 v   20
25391  3.0  2.0  0.0  6.5 d  4.8
25394  6.0  1.4  0.0  5.2 v   12
25395  0.7  0.4  0.4  8.5 d 0.51
25396  0.5  0.5  0.0  9.0 d 0.52
25397  0.5  0.5  0.0  9.0 d 0.25
25398  0.3  0.0  0.0  9.0 d 0.16
25399  0.5  0.5  0.0  9.0 d 0.35
25400 10.4  3.9  0.0  3.9 v   25
25406  6.0  2.0  0.0  5.0 d   12
25407 10.4  3.9  0.0  3.9 v   19
25413  0.5  1.0  0.0  9.0 d  1.5
25414  0.5  1.0  0.0  9.0 d  2.5
25415  0.5  1.0  0.0  9.0 d  1.5
25416  0.5  1.0  0.0  9.0 d  2.0
25417  0.5  1.0  0.0  9.0 d  2.2
25418  0.5  1.0  0.0  9.0 d  1.7
25419  0.5  1.0  0.0  9.0 d  1.8
25420  0.5  1.0  0.0  9.0 d  2.0
25431  4.0  1.8  0.0  6.5 d  9.3
25432  4.0  1.8  0.0  6.5 d  8.9
25467  4.0  1.8  0.0  6.5 d  7.8
25468  4.0  1.8  0.0  6.5 d  9.4
25469  4.0  1.8  0.0  6.5 d  6.7
25471  4.0  1.8  0.0  6.5 d   10
25475  0.5  1.0  0.0  9.0 d  2.9
25476  0.5  1.0  0.0  9.0 d  2.0
25477  0.5  1.0  0.0  9.0 d  2.5
25478  0.5  1.0  0.0  9.0 d  1.9
25479  0.5  1.0  0.0  9.0 d  1.8
25480  0.5  1.0  0.0  9.0 d  2.0
25481  0.5  1.0  0.0  9.0 d  2.4
25482  0.5  1.0  0.0  9.0 d  2.2
25484  1.3  1.0  0.0  7.5 d  1.0
25489  1.0  1.0  0.0  8.5 v 0.75
25490  3.0  1.5  0.0  6.0 d  3.1
25504  1.0  1.0  0.0  6.5 d 0.73
25506  1.3  1.0  0.0  7.5 d  1.8
25509  0.5  0.5  0.0  8.0 d 0.36
25510  5.9  2.4  0.0  5.0 d   12
25520  0.5  0.5  0.0  8.0 d 0.30
25527  4.0  1.8  0.0  6.5 d  7.0
25528  4.0  1.8  0.0  6.5 d   12
25530  4.0  1.8  0.0  6.5 d  7.6
25531  4.0  1.8  0.0  6.5 d  8.0
25544 30.0 20.0  0.0  0.5 d  375
25560  2.0  0.0  0.0  7.5 d  3.1
25561  1.3  1.0  0.0  7.5 d  1.9
25567  2.1  2.0  0.0  6.7 d  3.6
25568  1.5  0.0  0.0  8.0 d 0.89
25569  6.0  2.4  0.0  5.5 d   10
25577  4.0  1.8  0.0  6.5 d   10
25578  4.0  1.8  0.0  6.5 d  7.9
25590  2.1  2.0  0.0  6.5 d  3.9
25592  6.0  2.4  0.0  5.5 d   10
25615  3.0  0.0  0.0  6.5 d    5
25616  4.0  0.0  0.0  5.5 d  4.2
25619  7.0  2.4  0.0  5.0 d   13
25621  4.0  2.0  0.0  5.5 v  4.9
25622  4.0  2.0  0.0  5.5 v  5.3
25623  4.0  2.0  0.0  5.5 v  4.8
25624  4.0  2.0  0.0  5.5 v  4.6
25634  2.8  2.5  4.7  5.5 d   12
25635  0.8  0.3  0.5  8.0 d 0.28
25636  0.5  0.5  0.5  8.5 d 0.54
25637  7.0  2.4  0.0  5.0 d   14
25646  4.0  2.0  0.0  5.5 d  1.4
25647  1.3  1.0  0.0  7.5 d  1.8
25649  4.0  2.0  0.0  5.5 v  4.7
25650  4.0  2.0  0.0  5.5 v  3.7
25651  4.0  2.0  0.0  5.5 v  3.9
25652  4.0  2.0  0.0  5.5 v  4.0
25676  4.0  2.0  0.0  5.5 v  4.4
25677  4.0  2.0  0.0  5.5 v  3.8
25678  4.0  2.0  0.0  5.5 v  4.3
25679  4.0  2.0  0.0  5.5 v  4.4
25682  4.3  2.8  0.0  6.0 d  9.1
25693  1.0  0.7  0.0  7.5 d  1.3
25695  5.0  2.0  0.0  4.5 d   12
25721  3.0  1.0  0.0  6.5 d  3.5
25723  6.0  2.4  0.0  5.5 d  8.4
25724 15.0  4.5  4.5  3.5 v   30
25725 10.0  2.5  0.0  3.0 v   20
25727  4.0  3.0  0.0  6.0 d   16
25730  3.0  1.5  0.0  6.0 d  3.4
25731  2.0  1.0  0.0  6.5 v  3.2
25732  6.0  2.5  0.0  5.0 v   12
25733  5.0  2.0  0.0  5.5 v   11
25735  1.0  0.5  0.0  8.5 v 0.63
25736  0.2  1.0  0.0  8.5 v  1.0
25744 10.0  4.0  0.0  3.4 v   20
25756  1.0  0.0  0.0  8.5 d 0.93
25757  0.5  0.0  0.0  9.8 d 0.32
25758  3.0  2.0  0.0  6.0 d  6.2
25759  2.6  2.0  0.0  5.5 d  9.2
25770  4.0  2.0  0.0  5.5 v  6.2
25771  4.0  2.0  0.0  5.5 v  5.2
25772  4.0  2.0  0.0  5.5 v  5.5
25773  4.0  2.0  0.0  5.5 v  4.5
25774  7.0  2.4  0.0  5.5 v   13
25777  4.0  1.8  0.0  6.5 d   10
25778  4.0  1.8  0.0  6.5 d   10
25789  3.0  0.0  0.0  6.0 d  6.0
25791  7.0  3.0  3.0  5.5 d  8.9
25851  4.0  2.0  0.0  5.5 v  4.9
25852  4.0  2.0  0.0  5.5 v  4.5
25853  4.0  2.0  0.0  5.5 v  4.1
25854  4.0  2.0  0.0  5.5 v  5.6
25860  6.0  3.0  0.0  4.5 d   36
25861 10.4  3.9  0.0  3.9 v   22
25867  7.0  3.0  0.0  4.0 d   20
25868  5.0  2.5  0.0  4.0 d   13
25872  4.0  2.0  0.0  5.5 v  3.5
25873  4.0  2.0  0.0  5.5 v  4.3
25874  4.0  2.0  0.0  5.5 v  4.9
25875  4.0  2.0  0.0  5.5 v  4.8
25876  7.0  2.0  0.0  5.5 d   13
25883  4.0  2.0  0.0  5.5 v  5.3
25884  4.0  2.0  0.0  5.5 v  4.4
25885  4.0  2.0  0.0  5.5 v  5.3
25886  4.0  2.0  0.0  5.5 v  5.0
25892  2.1  2.0  0.0  6.5 d  4.4
25893  6.0  2.4  0.0  5.5 d   10
25907  4.0  2.0  0.0  5.5 v  5.5
25908  4.0  2.0  0.0  5.5 v  4.6
25909  4.0  2.0  0.0  5.5 v  4.3
25910  4.0  2.0  0.0  5.5 v  5.0
25919  3.0  0.0  0.0  5.5 d  7.9
25940  3.0  2.0  2.0  5.5 d  5.1
25941  1.0  0.0  0.0  7.0 d  1.0
25942  3.0  2.0  0.0  6.0 d  8.1
25943  4.0  2.0  0.0  5.5 v  5.3
25944  4.0  2.0  0.0  5.5 v  4.1
25945  4.0  2.0  0.0  5.5 v  3.8
25946  4.0  2.0  0.0  5.5 v  4.6
25961  4.0  2.0  0.0  5.5 v  4.7
25962  4.0  2.0  0.0  5.5 v  3.7
25963  4.0  2.0  0.0  5.5 v  4.5
25964  4.0  2.0  0.0  5.5 v  4.3
25977  4.0  3.0  0.0  5.5 d   11
25978  1.0  0.0  0.0  7.0 d  1.2
25979  8.0  3.0  0.0  4.5 d   21
25980  0.5  1.0  0.0  9.0 d  1.8
25981  0.5  1.0  0.0  9.0 d  1.8
25982  0.5  1.0  0.0  9.0 d  1.5
25983  0.5  1.0  0.0  9.0 d  2.4
25984  0.5  1.0  0.0  9.0 d  1.8
25985  0.5  1.0  0.0  9.0 d  1.6
25986  0.5  1.0  0.0  9.0 d  1.6
25989  6.0  3.0  0.0  4.5 d  7.0
25991  6.4  1.7  0.0  6.0 d  7.2
25994  7.0  3.0  0.0  4.5 d   20
26032  1.5  1.0  0.0  7.0 d  4.4
26033  0.7  0.8  0.0  8.5 d  1.2
26034  3.0  2.0  0.0  6.0 d  1.6
26035  0.7  1.3  0.0  8.0 d  3.5
26053  8.0  3.0  0.0  3.5 d   20
26063  0.3  0.5  0.0  8.5 d 0.32
26064  0.5  0.5  0.5  8.5 d 0.47
26065  0.5  0.3  0.0  8.0 d  1.1
26066  1.6  1.0  0.0  7.0 d  2.0
26069  6.0  2.0  0.0  5.0 v   11
26070 10.4  3.9  0.0  3.9 d   21
26081  4.0  2.0  0.0  5.5 v  4.1
26082  4.0  2.0  0.0  5.5 v  4.3
26083  4.0  2.0  0.0  5.5 v  4.6
26084  4.0  2.0  0.0  5.5 v  3.3
26086  2.0  1.5  0.0  7.2 d  2.5
26102  5.0  2.0  0.0  5.0 d   10
26103  2.0  1.5  0.0  6.0 d  2.7
26106  3.0  1.5  0.0  6.0 v  8.7
26113  2.5  1.5  0.0  6.5 d  4.2
26121  3.0  2.0  0.0  6.0 d  6.0
26141  2.0  1.0  0.0  7.0 d  2.7
26186  2.0  1.0  0.0  7.0 d  2.8
26220  3.0  1.0  0.0  6.5 d  4.6
26222  3.0  2.0  0.0  6.0 d  6.2
26356  4.0  2.0  0.0  5.0 d   10
26365  2.0  1.0  0.0  6.5 d  2.1
26366  2.0  1.0  0.0  6.5 d  2.2
26374  2.3  2.0  0.0  6.0 d  4.0
26375  1.3  1.0  0.0  7.5 d  2.1
26384  2.0  2.0  0.0  6.5 d  3.2
26385  0.5  0.5  0.5 10.0 d 0.42
26386  0.3  0.0  0.0 10.5 d 0.14
26387  6.0  2.4  0.0  5.5 d   10
26405  2.0  1.0  0.5  7.0 d  2.0
26415  1.6  1.0  0.0  7.0 d  1.9
26473 18.0  4.5  0.0  3.6 v   30
26474  8.0  3.0  0.0  3.5 d   20
26475  6.0  3.0  0.0  4.5 v   41
26481  4.0  2.0  0.0  5.5 d  8.4
26536  5.0  2.0  0.0  5.5 d   10
26545  0.2  0.2  0.2 10.5 d 0.09
26546  0.5  0.5  0.5 10.0 d 0.24
26547  0.3  0.3  0.3 10.5 d 0.13
26548  0.5  0.5  0.5 10.0 d 0.40
26549  0.2  0.2  0.2 10.5 d 0.10
26550  5.0  2.0  0.0  5.5 d   14
26551  2.0  1.0  0.0  7.5 d  2.6
26561  3.0  2.0  0.0  6.0 d    6
26619  3.0  1.5  0.0  7.0 d  3.0
26620  4.0  2.0  0.0  6.5 d  8.6
26621  0.5  0.0  0.0  9.0 d 0.15
26622  7.0  2.0  0.0  5.0 d   17
26623  3.0  2.0  0.0  5.5 d  7.9
26631  2.0  1.0  0.0  7.0 d  1.5
26702  3.0  1.0  0.0  6.5 d  3.9
26703  3.0  1.0  0.0  6.5 d  2.8
26818  2.1  2.0  0.0  6.5 d  3.0
26819  6.0  2.4  0.0  5.5 d   10
26857  5.0  2.0  0.0  4.0 v   49
26858 10.0  3.0  0.0  3.5 v   28
26873  5.0  2.0  0.0  4.5 v   20
26874  2.6  2.2  0.0  5.0 d  6.3
26898  0.5  0.0  0.0  5.0 d 0.42
26905  4.0  2.0  0.0  5.5 v   10
26906  8.0  3.0  0.0  3.5 v   25
26907  4.0  2.0  0.0  5.5 v   10
26930  0.2  0.1  0.1  9.5 d 0.44
26931  0.2  0.1  0.1  9.5 d 0.20
26932  0.5  0.5  0.5  9.5 d 0.24
26934  5.0  3.0  0.0  4.0 v   15
26953  3.0  2.0  0.0  6.5 d  8.9
26957  3.0  2.0  0.0  6.5 d  4.2
26958  0.6  0.6  0.8 10.0 d 0.27
26959  0.4  0.0  0.0  8.5 d 0.63
26960  2.6  2.0  0.0  6.3 d  7.7
26997  3.0  2.0  0.0  5.5 v  4.6
26998  2.7  1.6  1.2  6.0 d  4.0
27000  2.5  2.0  0.0  6.0 d  8.4
27001  3.0  2.0  0.0  6.0 d   10
27002  0.7  0.7  0.0  9.0 v 0.60
27003  0.7  0.7  0.0  9.5 v 0.33
27004  0.7  0.7  0.0  9.5 d 0.30
27005  0.6  0.6  0.0  9.5 d 0.29
27006 10.4  3.9  0.0  3.5 v   28
27055  1.0  0.8  0.0  8.5 d  1.9
27056  1.0  0.8  0.0  8.5 d  1.3
27057  1.0  0.8  0.0  8.5 d  1.0
27058  1.0  0.8  0.0  8.5 d 0.90
27059  1.0  0.8  0.0  8.5 d  1.1
27060  1.0  0.8  0.0  8.5 d  2.0
27061  2.6  2.2  0.0  5.5 d  8.3
27168  8.0  3.0  0.0  3.5 v   24
27169  8.0  3.0  0.0  3.0 v   25
27367  3.0  1.5  0.0  6.0 d  4.9
27368  5.0  3.0  0.0  4.0 v   24
27369 13.5  2.5  0.0  4.2 d   13
27370  2.0  1.0  0.0  7.0 d  4.1
27371  1.3  1.0  0.0  7.5 d  2.0
27372  4.0  1.8  0.0  6.5 d  7.2
27373  4.0  1.8  0.0  6.5 d  8.6
27374  4.0  1.8  0.0  6.5 d  7.0
27375  4.0  1.8  0.0  6.5 d  7.8
27376  4.0  1.8  0.0  6.5 d  6.4
27386  6.0  2.0  0.0  4.0 d   47
27387 10.0  2.5  0.0  3.5 d   26
27391  4.0  1.5  1.0  5.5 d  1.3
27392  4.0  1.5  1.0  5.5 d  1.4
27421  5.0  3.0  0.0  4.0 v   12
27422  8.0  2.5  0.0  4.0 v   22
27424  8.0  4.0  2.5  4.0 d   13
27430  1.5  1.0  0.0  8.0 v  2.1
27431  4.0  2.0  0.0  5.5 v  3.5
27432  7.0  2.5  0.0  4.5 v   10
27433  2.0  2.0  0.0  6.0 d  5.8
27434  2.3  1.2  0.0  7.0 d  1.7
27436  2.1  2.0  0.0  6.5 d  2.8
27437  6.0  2.4  0.0  5.5 d   10
27450  4.0  1.8  0.0  6.5 d  8.0
27451  4.0  1.8  0.0  6.5 d  5.6
27453  4.5  2.0  0.0  5.5 d  7.0
27464  1.0  1.0  0.0  7.5 d 0.93
27465  1.0  1.0  0.0  7.5 d  1.1
27466  6.0  2.4  0.0  5.5 d   10
27470  7.0  3.0  0.0  4.5 v   30
27473  5.5  3.7  0.0  5.0 v   20
27474  1.0  0.7  0.0  7.5 d 0.71
27515  3.5  2.4  0.0  6.0 d  8.9
27534  2.1  2.0  0.0  6.7 d  2.7
27535  6.0  2.4  0.0  5.5 v   12
27540  5.0  0.0  0.0  4.5 d   15
27550  6.0  2.0  0.0  4.5 d  8.2
27551 10.0  3.0  0.0  3.5 d   11
27559  0.5  0.5  0.5  9.0 d 0.37
27560  0.4  0.4  0.0  8.5 d  1.2
27561  6.0  2.4  0.0  5.5 d   11
27597  4.0  4.0  4.0  4.5 d   37
27598  0.6  0.6  0.6  9.5 d 0.29
27599  0.5  0.5  0.5  9.5 d 0.41
27600  0.4  0.3  0.3 10.0 d 0.50
27601 13.5  2.5  0.0  4.2 d   38
27605  0.5  0.5  0.5 10.0 d 0.30
27606  0.3  0.3  0.5 10.5 d 0.03
27607  0.2  0.2  0.2 10.5 d 0.05
27608  0.3  0.3  0.3 10.5 d 0.18
27609  2.0  1.0  0.0  6.5 d  2.3
27610  5.0  2.0  0.0  5.5 d   11
27611  3.0  2.0  0.0  5.5 d  4.1
27612  0.3  0.3  0.5 10.5 d 0.04
27640  6.0  3.0  0.0  5.0 d  6.9
27642  3.5  2.0  0.0  5.5 d  6.4
27643  1.0  0.5  0.5  9.0 d 0.30
27644  2.0  2.0  0.0  6.0 d  5.5
27651  2.0  1.0  1.0  7.0 d  2.8
27652  1.3  1.0  0.0  7.5 d  1.9
27664  0.2  0.2  0.2  9.5 d 0.28
27665  7.0  2.0  0.0  5.0 d   14
27698  4.0  2.0  0.0  5.0 v  7.3
27699  5.0  2.0  0.0  4.5 v  6.4
27700 13.5  2.5  0.0  4.2 v   27
27711  8.0  3.0  0.0  3.5 v   24
27712  8.0  3.0  0.0  3.0 v   25
27783  2.0  1.5  0.0  6.5 d  2.3
27784  1.5  1.5  0.0  7.0 d  2.1
27818  2.1  2.0  0.0  6.5 v  2.7
27819  6.0  2.4  0.0  5.5 v  9.5
27838  2.0  1.5  0.0  7.0 d  1.3
27840  2.0  2.5  0.0  5.5 d  7.8
27841  0.5  0.5  0.0  9.0 d 0.16
27842  0.4  0.4  0.0  9.5 d 0.06
27843  0.5  0.5  0.0  9.0 d 0.42
27844  0.3  0.3  0.0 10.0 d 0.08
27845  0.5  0.5  0.0 10.0 d 0.21
27846  0.3  0.3  0.0 10.0 d 0.02
27847  0.3  0.3  0.0 10.0 d 0.02
27848  0.5  0.5  0.0 10.0 d 0.03
27858  1.5  1.5  0.0  8.0 d  1.0
27859  1.5  1.5  0.0  7.0 d  1.8
27868  1.0  1.0  0.0  7.5 d  1.3
27869  1.0  1.0  0.0  7.5 d  1.2
27870  6.0  2.4  0.0  5.5 d   11
27938  8.0  3.0  0.0  3.5 v   20
27939  0.3  0.4  0.0  9.0 d  1.1
27940  6.0  2.0  0.0  5.5 d   11
27941  0.2  0.2  0.2 10.5 d 0.36
27942  0.3  0.3  0.3 10.0 d 0.31
27943  0.4  0.4  0.3 10.0 d 0.56
27944  0.2  0.0  0.0 10.5 d 0.13
27945  0.4  0.2  0.2 10.0 d  1.1
28050  2.6  2.0  0.0  6.0 d  7.5
28051  4.0  2.0  0.0  6.0 d  7.8
28054  6.4  1.7  0.0  6.0 d  7.8
28057  3.0  2.0  2.0  5.5 d  2.5
28058  0.5  0.5  0.0  9.5 d 0.31
28059  6.0  3.0  0.0  4.5 d   11
28060  2.3  2.0  2.0  6.5 d  3.7
28061  2.0  2.5  0.0  5.5 d  6.9
28095  4.0  2.0  0.0  5.5 v   10
28096  8.0  3.0  0.0  3.5 v   25
28097  4.0  2.0  0.0  5.5 v   10
28098  2.0  0.0  0.0  6.5 d  1.7
28099  4.0  2.0  0.0  5.5 d  4.7
28220  1.0  0.0  0.0  7.0 d  1.5
28221  0.5  0.0  0.0  8.5 d 0.28
28222  8.0  2.5  0.0  4.0 d   26
28230  3.0  0.0  0.0  5.0 d   20
28237  4.0  2.0  0.0  5.5 v  8.6
28243  4.0  2.0  0.0  5.5 v  9.2
28254  2.0  1.0  0.0  7.0 d  3.1
28255  3.0  2.0  0.0  6.0 d  2.7
28350  6.0  3.0  0.0  4.0 d   30
28352  6.0  2.0  0.0  4.5 v   15
28353 10.4  3.9  0.0  3.9 d   28
28366  0.3  0.3  0.5 10.0 d 0.07
28367  5.0  2.0  0.0  5.5 d   13
28368  0.6  0.6  0.8  8.0 d  1.0
28369  0.2  0.2  0.2 10.5 d 0.06
28370  0.2  0.2  0.2 10.5 d 0.07
28371  0.2  0.2  0.2 10.5 d 0.22
28372  0.3  0.3  0.5 10.0 d 0.09
28373  0.3  0.3  0.3 10.5 d 0.11
28374  1.0  1.0  0.0  6.5 d  1.9
28375  0.4  0.4  0.2 10.0 d 0.09
28376  5.0  3.0  3.0  5.0 d   14
28380  2.1  2.0  0.0  7.0 d  2.3
28381  6.0  2.4  0.0  5.5 d   10
28385  8.0  3.0  0.0  3.5 v   20
28413  2.0  2.0  0.0  6.5 d  2.6
28414  2.0  2.0  0.0  6.5 d  4.5
28415  5.0  2.0  0.0  5.0 d   10
28416  3.0  3.0  0.0  5.5 d   11
28419  1.1  1.0  0.0  7.5 d 0.84
28420  1.1  1.0  0.0  7.5 d  1.0
28421  6.0  2.4  0.0  5.5 d   12
28454  0.2  0.0  0.0  9.5 d 0.02
28455  0.2  0.0  0.0  9.5 d 0.02
28470  3.0  2.5  0.0  5.5 d  8.2
28471  7.0  2.5  0.0  4.0 d   11
28479  2.0  1.0  0.0  7.0 d  2.5
28480  7.0  2.5  0.0  4.0 d   29
28485  4.0  2.0  0.0  5.5 d   10
28492  4.0  3.0  0.0  5.5 d  7.1
28493  0.5  0.5  0.5  9.5 d 0.27
28494  0.7  0.7  0.7  8.5 d 0.92
28495  0.7  0.7  0.7  8.5 d 0.94
28496  0.7  0.7  0.7  8.5 d 0.51
28497  0.7  0.7  0.7  8.5 d 0.68
28498  0.5  0.5  0.5  8.5 d 0.47
28499  8.0  3.0  0.0  4.5 d   16
28505  3.0  2.0  0.0  6.0 d   10
28506  2.6  2.2  0.0  5.5 d  6.5
28507  1.0  1.0  0.0  8.5 d  1.0
28521  2.1  2.0  0.0  6.5 d  4.0
28522  6.0  2.4  0.0  5.5 d   12
28523  1.0  1.0  1.0  8.5 d    1
28537  4.0  2.0  0.0  5.5 v   10
28538  8.0  3.0  0.0  3.5 v   25
28541  4.0  2.0  0.0  5.5 v   10
28547  0.2  0.2  0.0 10.5 d  0.1
28640  6.0  3.0  0.0  4.5 d   13
28642  1.0  1.0  0.0  6.5 d    1
28643  1.0  1.0  0.0  6.5 d    1
28646 18.0  4.5  0.0  3.6 v   30
28647  8.0  3.0  0.0  3.5 d   20
28649  2.0  2.0  0.0  6.5 d    5
28650  0.5  0.5  0.0  9.0 d  0.3
28651  4.0  2.0  0.0  5.5 d   10
28654  4.5  2.0  0.0  5.5 d  7.0
28655  7.0  2.0  0.0  5.0 d  8.0
28700  8.0  3.0  0.0  4.5 d   20
90002  4.0  0.0  0.0  5.5 v    8
90003  4.0  0.0  0.0  5.5 v    8
90004  4.0  2.0  0.0  5.0 v    8
90005  7.0  3.0  0.0  3.0 v   20
90006  4.0  2.0  0.0  5.0 v    8
90007  4.0  2.0  0.0  6.0 v   10
90008  7.0  3.0  0.0  3.0 v   20
90009  6.0  0.0  0.0  5.0 v   20
90013 10.0  5.0  0.0  3.0 v   50
90014  8.0  3.0  0.0  4.0 v   30
90015 10.0  5.0  0.0  3.5 v   50
90016  8.0  3.0  0.0  3.0 v   30
90017  4.0  0.0  0.0  5.0 d   10
90018  4.0  0.0  0.0  3.5 d   10
90020  4.0  2.0  0.0  6.0 v    8
90022  3.0  2.0  0.0  5.0 v    6
90023 10.0  3.0  0.0  3.5 v   30
90024  6.0  2.0  0.0  4.0 v   12
90025  5.0  2.0  0.0  5.0 v   10
90026  5.0  2.0  0.0  5.0 v   10
90027  6.0  3.0  0.0  4.0 v   25
90028  5.0  2.0  0.0  5.0 v   10
90029  5.0  2.0  0.0  5.0 v   10
90030  7.0  3.0  0.0  3.0 v   20
90031  6.0  3.0  0.0  3.0 c   20
90032  5.0  2.0  0.0  5.0 v   10
90033  5.0  2.0  0.0  5.0 v   10
90034  6.0  3.0  0.0  3.5 v   20
90035  4.0  0.0  0.0  4.0 d   10
90036  4.0  0.0  0.0  4.0 d   10
90037  4.0  0.0  0.0  4.0 d   10
90038  4.0  0.0  0.0  4.0 d   10
